

#! index		TrType			CTOA		CTD			RT		KeyPressed
	0			LR				578			-87			556				19  
	1			LL				728			49			344				20  
	2			LL				611			9			397				20  
	3			LL				582			172			427				20  
	4			LL				374			256			607				20  
	5			RR				444			-285			563				19  
	6			RL				996			90			318				20  
	7			LR				750			-116			621				19  
	8			RL				629			110			474				20  
	9			RL				254			142			0				0  
	10			RR				808			-251			0				0  
	11			RL				253			268			0				0  
	12			LL				390			273			0				0  
	13			RL				416			278			0				0  
	14			RR				898			-38			0				0  
	15			LL				815			260			0				0  
	16			LL				813			158			0				0  
	17			RR				266			-230			0				0  
	18			LR				593			-90			0				0  
	19			LR				902			-239			0				0  
	20			LL				501			236			0				0  
	21			LR				405			-137			0				0  
	22			RL				355			185			0				0  
	23			RR				319			-83			0				0  
	24			RL				298			44			0				0  
	25			LR				406			-92			0				0  
	26			LL				335			139			0				0  
	27			LR				778			-96			0				0  
	28			RR				622			-207			0				0  
	29			RL				875			52			0				0  
	30			LL				744			114			0				0  
	31			LR				607			-196			0				0  
	32			LR				991			-59			0				0  
	33			RL				709			0			0				0  
	34			RR				942			-191			0				0  
	35			LL				266			30			0				0  
	36			LL				525			88			0				0  
	37			RR				914			-170			0				0  
	38			LR				385			-106			0				0  
	39			LR				966			-8			0				0  
	40			RR				312			-17			0				0  
	41			LR				633			-100			0				0  
	42			LR				382			-238			0				0  
	43			LL				549			133			0				0  
	44			LL				551			63			0				0  
	45			LL				287			67			0				0  
	46			RL				373			119			0				0  
	47			LR				621			-93			0				0  
	48			RL				298			217			0				0  
	49			RL				597			11			0				0  
	50			RL				621			285			0				0  
	51			LR				671			-134			0				0  
	52			RL				952			265			0				0  
	53			RR				819			-6			0				0  
	54			LR				393			-13			0				0  
	55			LR				571			-43			0				0  
	56			RL				759			190			0				0  
	57			LL				295			20			0				0  
	58			LR				555			-202			0				0  
	59			RR				363			-86			0				0  
	60			LR				395			-11			0				0  
	61			RR				394			-90			0				0  
	62			RR				770			-235			0				0  
	63			RL				711			218			0				0  
	64			RR				729			-41			0				0  
	65			LR				766			-181			0				0  
	66			LL				887			98			0				0  
	67			LL				620			165			0				0  
	68			RL				677			267			0				0  
	69			RR				443			-225			0				0  
	70			LL				686			48			0				0  
	71			LR				717			-39			0				0  
	72			LL				971			13			0				0  
	73			RL				829			209			0				0  
	74			LR				640			-188			0				0  
	75			LL				756			13			0				0  
	76			RR				465			-39			0				0  
	77			LR				740			-99			0				0  
	78			LL				403			0			0				0  
	79			LR				350			-246			0				0  
	80			RR				981			-275			0				0  
	81			RL				315			88			0				0  
	82			RL				424			105			0				0  
	83			LR				462			-20			0				0  
	84			RR				246			-123			0				0  
	85			RL				772			143			0				0  
	86			RR				810			-123			0				0  
	87			RL				921			253			0				0  
	88			RR				399			-267			0				0  
	89			LL				400			83			0				0  
	90			LL				289			72			0				0  
	91			LL				260			247			0				0  
	92			LR				509			-125			0				0  
	93			RR				805			-228			0				0  
	94			RR				861			-203			0				0  
	95			RL				407			90			0				0  
	96			LR				807			-72			0				0  
	97			LL				352			248			0				0  
	98			LR				260			-210			0				0  
	99			RL				208			226			0				0  
	100			RR				441			-235			0				0  
	101			RR				644			-285			0				0  
	102			LR				535			-130			0				0  
	103			LL				886			69			0				0  
	104			RR				726			-24			0				0  
	105			LL				493			184			0				0  
	106			RR				746			-276			0				0  
	107			LL				949			54			0				0  
	108			LL				843			190			0				0  
	109			LL				631			111			0				0  
	110			LR				463			-63			0				0  
	111			LL				321			38			0				0  
	112			LR				320			-123			0				0  
	113			LR				686			-138			0				0  
	114			RR				879			-104			0				0  
	115			LR				947			-144			0				0  
	116			LL				662			115			0				0  
	117			RR				636			-141			0				0  
	118			RR				789			-188			0				0  
	119			LR				521			-238			0				0  
	120			RL				831			89			0				0  
	121			RR				210			-98			0				0  
	122			RR				317			-228			0				0  
	123			RL				662			30			0				0  
	124			LR				249			-21			0				0  
	125			LR				542			-117			0				0  
	126			RR				946			-123			0				0  
	127			LR				469			-110			0				0  
	128			LL				865			42			0				0  
	129			RL				593			128			0				0  
	130			LR				461			-22			0				0  
	131			LR				711			-245			0				0  
	132			RL				987			226			0				0  
	133			LL				825			95			0				0  
	134			LL				911			206			0				0  
	135			RL				973			13			0				0  
	136			RL				503			271			0				0  
	137			RR				848			-113			0				0  
	138			RL				358			166			0				0  
	139			LL				477			47			0				0  
	140			RL				836			155			0				0  
	141			LL				898			266			0				0  
	142			LL				786			133			0				0  
	143			RR				620			-166			0				0  
	144			RR				886			-216			0				0  
	145			RR				665			-102			0				0  
	146			LL				702			256			0				0  
	147			RR				662			-219			0				0  
	148			LL				979			135			0				0  
	149			RL				644			191			0				0  
	150			LR				778			-55			0				0  
	151			LL				412			101			0				0  
	152			RR				358			-143			0				0  
	153			LR				732			-123			0				0  
	154			LR				397			-71			0				0  
	155			RR				202			-9			0				0  
	156			RL				490			56			0				0  
	157			LL				406			49			0				0  
	158			LL				221			98			0				0  
	159			RL				600			246			0				0  
	160			LR				336			-50			0				0  
	161			RL				490			104			0				0  
	162			RR				775			-81			0				0  
	163			LR				378			-208			0				0  
	164			RL				723			9			0				0  
	165			RL				922			262			0				0  
	166			LL				950			123			0				0  
	167			LR				308			-149			0				0  
	168			LR				446			-168			0				0  
	169			RR				722			-60			0				0  
	170			LL				612			158			0				0  
	171			LR				754			-47			0				0  
	172			LL				245			279			0				0  
	173			LR				471			-128			0				0  
	174			LL				254			49			0				0  
	175			RR				280			-256			0				0  
	176			RR				214			-282			0				0  
	177			RR				560			-95			0				0  
	178			LR				978			-202			0				0  
	179			RR				650			-167			0				0  
	180			LR				819			-180			0				0  
	181			LL				463			10			0				0  
	182			LL				597			47			0				0  
	183			RL				578			148			0				0  
	184			RL				938			149			0				0  
	185			RL				277			123			0				0  
	186			RL				995			79			0				0  
	187			LL				985			75			0				0  
	188			LL				454			158			0				0  
	189			RL				221			142			0				0  
	190			LR				689			-274			0				0  
	191			RR				393			-32			0				0  
	192			LR				423			-91			0				0  
	193			RR				557			-249			0				0  
	194			RL				972			139			0				0  
	195			RR				590			-59			0				0  
	196			RR				936			-269			0				0  
	197			RR				360			-37			0				0  
	198			LL				571			83			0				0  
	199			LL				214			4			0				0  
	200			RR				614			-146			0				0  
	201			RR				581			-97			0				0  
	202			LR				670			-189			0				0  
	203			RL				927			131			0				0  
	204			RL				824			51			0				0  
	205			LL				415			285			0				0  
	206			LL				581			231			0				0  
	207			LR				536			-172			0				0  
	208			RR				640			-204			0				0  
	209			RR				873			-244			0				0  
	210			LR				885			-172			0				0  
	211			RR				494			-170			0				0  
	212			LR				766			-248			0				0  
	213			LR				497			-168			0				0  
	214			LL				865			77			0				0  
	215			LR				210			-127			0				0  
	216			RR				208			-153			0				0  
	217			LL				855			237			0				0  
	218			RR				538			-168			0				0  
	219			RL				310			104			0				0  
	220			LR				993			-189			0				0  
	221			RR				677			-123			0				0  
	222			RL				354			226			0				0  
	223			RR				249			-17			0				0  
	224			RL				720			31			0				0  
	225			RR				937			-122			0				0  
	226			RR				493			-64			0				0  
	227			RL				923			126			0				0  
	228			LL				788			59			0				0  
	229			LL				461			233			0				0  
	230			LL				754			81			0				0  
	231			RL				483			33			0				0  
	232			RR				829			-188			0				0  
	233			RR				662			-164			0				0  
	234			RL				710			91			0				0  
	235			RL				799			22			0				0  
	236			RR				343			-242			0				0  
	237			RR				523			-124			0				0  
	238			RL				877			127			0				0  
	239			RR				244			-170			0				0  
	240			RL				899			210			0				0  
	241			RR				326			-135			0				0  
	242			RL				420			115			0				0  
	243			LR				948			-113			0				0  
	244			RR				608			-11			0				0  
	245			RL				863			173			0				0  
	246			RR				926			-153			0				0  
	247			LR				803			-106			0				0  
	248			LL				352			270			0				0  
	249			LL				708			241			0				0  
