

#! index		TrOrder		TrType			CTOA		CTD			RT		KeyPressed
	0			2			LL			200			0			414				20  
	1			27			LR			200			0			323				19  
	2			5			RL			200			0			444				20  
	3			13			RR			200			0			353				19  
	4			17			LL			200			286			353				20  
	5			26			LR			200			0			353				19  
	6			28			RL			200			0			171				19  
	7			12			RR			200			-286			353				19  
	8			18			LL			400			0			410				20  
	9			0			LR			400			0			705				19  
	10			21			RL			400			0			314				20  
	11			24			RR			400			0			307				19  
	12			23			LL			400			286			462				20  
	13			25			LR			400			0			310				19  
	14			20			RL			400			0			522				20  
	15			11			RR			400			-286			415				19  
	16			19			LL			600			0			301				20  
	17			4			LR			600			0			324				19  
	18			16			RL			600			0			352				20  
	19			7			RR			600			0			384				19  
	20			1			LL			600			286			400				20  
	21			10			LR			600			0			291				19  
	22			15			RL			600			0			325				20  
	23			14			RR			600			-286			336				19  
	24			9			LL			800			0			399				20  
	25			30			LR			800			0			306				19  
	26			8			RL			800			0			388				20  
	27			29			RR			800			0			307				19  
	28			6			LL			800			286			307				20  
	29			22			LR			800			0			334				19  
	30			31			RL			800			0			307				20  
	31			3			RR			800			-286			305				19  
	32			105			LL			200			0			507				20  
	33			110			LL			200			0			492				20  
	34			56			LL			200			0			417				20  
	35			156			LL			200			0			492				20  
	36			108			LR			200			0			370				19  
	37			53			LR			200			0			384				19  
	38			46			LR			200			0			324				19  
	39			34			LR			200			0			384				19  
	40			97			RL			200			0			476				20  
	41			114			RL			200			0			195				19  
	42			79			RL			200			0			384				20  
	43			40			RL			200			0			353				20  
	44			69			RR			200			0			382				19  
	45			39			RR			200			0			415				19  
	46			128			RR			200			0			446				19  
	47			51			RR			200			0			414				19  
	48			135			LL			200			286			598				20  
	49			119			LL			200			286			507				20  
	50			154			LL			200			286			479				20  
	51			136			LL			200			286			568				20  
	52			38			LR			200			0			325				19  
	53			68			LR			200			0			323				19  
	54			113			LR			200			0			428				19  
	55			78			LR			200			0			322				19  
	56			86			RL			200			0			447				20  
	57			59			RL			200			0			415				20  
	58			64			RL			200			0			380				20  
	59			115			RL			200			0			446				20  
	60			54			RR			200			-286			309				19  
	61			88			RR			200			-286			443				19  
	62			157			RR			200			-286			415				19  
	63			126			RR			200			-286			414				19  
	64			37			LL			400			0			329				20  
	65			35			LL			400			0			277				20  
	66			47			LL			400			0			584				20  
	67			125			LL			400			0			371				20  
	68			81			LR			400			0			339				19  
	69			159			LR			400			0			370				19  
	70			149			LR			400			0			494				19  
	71			112			LR			400			0			318				19  
	72			41			RL			400			0			340				20  
	73			67			RL			400			0			339				20  
	74			118			RL			400			0			370				20  
	75			32			RL			400			0			369				20  
	76			123			RR			400			0			400				19  
	77			43			RR			400			0			278				19  
	78			45			RR			400			0			309				19  
	79			107			RR			400			0			295				19  
	80			131			LL			400			286			369				20  
	81			130			LL			400			286			340				20  
	82			129			LL			400			286			339				20  
	83			42			LL			400			286			401				20  
	84			82			LR			400			0			279				19  
	85			109			LR			400			0			459				19  
	86			90			LR			400			0			308				19  
	87			117			LR			400			0			309				19  
	88			158			RL			400			0			555				20  
	89			66			RL			400			0			400				20  
	90			74			RL			400			0			431				20  
	91			92			RL			400			0			307				20  
	92			142			RR			400			-286			401				19  
	93			153			RR			400			-286			370				19  
	94			89			RR			400			-286			614				19  
	95			61			RR			400			-286			369				19  
	96			124			LL			600			0			443				20  
	97			85			LL			600			0			384				20  
	98			60			LL			600			0			1758				20  
	99			111			LL			600			0			362				20  
	100			63			LR			600			0			354				19  
	101			155			LR			600			0			338				19  
	102			70			LR			600			0			353				19  
	103			116			LR			600			0			322				19  
	104			55			RL			600			0			322				20  
	105			121			RL			600			0			415				20  
	106			99			RL			600			0			354				20  
	107			139			RL			600			0			321				20  
	108			151			RR			600			0			323				19  
	109			33			RR			600			0			262				19  
	110			75			RR			600			0			290				19  
	111			104			RR			600			0			400				19  
	112			138			LL			600			286			352				20  
	113			96			LL			600			286			385				20  
	114			152			LL			600			286			354				20  
	115			102			LL			600			286			385				20  
	116			95			LR			600			0			261				19  
	117			94			LR			600			0			658				19  
	118			134			LR			600			0			446				19  
	119			44			LR			600			0			291				19  
	120			120			RL			600			0			381				20  
	121			150			RL			600			0			446				20  
	122			144			RL			600			0			385				20  
	123			98			RL			600			0			344				20  
	124			52			RR			600			-286			263				19  
	125			49			RR			600			-286			261				19  
	126			91			RR			600			-286			262				19  
	127			65			RR			600			-286			261				19  
	128			127			LL			800			0			644				20  
	129			100			LL			800			0			337				20  
	130			58			LL			800			0			274				20  
	131			140			LL			800			0			428				20  
	132			141			LR			800			0			338				19  
	133			101			LR			800			0			305				19  
	134			73			LR			800			0			306				19  
	135			83			LR			800			0			306				19  
	136			36			RL			800			0			336				20  
	137			148			RL			800			0			352				20  
	138			77			RL			800			0			292				20  
	139			146			RL			800			0			368				20  
	140			50			RR			800			0			307				19  
	141			93			RR			800			0			398				19  
	142			143			RR			800			0			368				19  
	143			133			RR			800			0			338				19  
	144			106			LL			800			286			273				20  
	145			57			LL			800			286			449				20  
	146			132			LL			800			286			245				20  
	147			145			LL			800			286			398				20  
	148			80			LR			800			0			229				19  
	149			48			LR			800			0			276				19  
	150			76			LR			800			0			305				19  
	151			103			LR			800			0			275				19  
	152			87			RL			800			0			276				20  
	153			62			RL			800			0			338				20  
	154			84			RL			800			0			398				20  
	155			137			RL			800			0			336				20  
	156			71			RR			800			-286			413				19  
	157			122			RR			800			-286			521				19  
	158			72			RR			800			-286			306				19  
	159			147			RR			800			-286			365				19  
