

#! index		TrType			CTOA		CTD			RT		KeyPressed
	0			LR				502			-126			359				19  
	1			RL				956			18			363				20  
	2			LR				349			-4			358				19  
	3			RL				486			69			375				20  
	4			LR				676			-92			331				19  
	5			LR				950			-254			367				19  
	6			LL				545			31			427				20  
	7			RL				938			209			440				20  
	8			RR				639			-159			406				19  
	9			LL				525			87			305				20  
	10			RL				523			212			458				20  
	11			RL				878			98			380				20  
	12			RL				928			232			361				20  
	13			LL				940			155			317				20  
	14			RL				335			281			338				20  
	15			RL				594			126			359				20  
	16			LL				507			191			260				20  
	17			RR				594			-85			282				19  
	18			RL				380			39			327				20  
	19			RR				826			-102			279				19  
	20			LR				269			-272			316				19  
	21			LL				863			141			456				20  
	22			LL				337			64			402				20  
	23			LL				986			88			485				20  
	24			LL				622			284			544				20  
	25			RL				609			175			344				20  
	26			LL				963			190			354				20  
	27			RL				699			183			375				20  
	28			RR				937			-47			320				19  
	29			RL				249			28			427				20  
	30			RL				535			124			295				20  
	31			LR				498			-177			361				19  
	32			RL				894			204			333				20  
	33			RL				273			210			373				20  
	34			LL				522			265			307				20  
	35			RL				516			174			345				20  
	36			RL				208			194			381				20  
	37			LR				741			-68			487				19  
	38			LL				455			8			344				20  
	39			LL				589			171			332				20  
	40			RL				669			73			437				20  
	41			LL				217			212			444				20  
	42			RR				713			-114			296				19  
	43			RR				486			-12			283				19  
	44			LR				275			-61			371				19  
	45			RR				217			-256			314				19  
	46			RR				707			-152			292				19  
	47			LR				451			-227			375				19  
	48			RR				643			-280			279				19  
	49			LR				666			-64			346				19  
	50			RR				344			-254			270				19  
	51			RR				549			-264			312				19  
	52			RL				343			237			395				20  
	53			RR				664			-236			319				19  
	54			RR				700			-65			343				19  
	55			LL				871			7			377				20  
	56			RL				789			237			438				20  
	57			RR				416			-90			414				19  
	58			RL				253			34			513				20  
	59			LL				237			117			409				20  
	60			LR				416			-82			414				19  
	61			RL				327			53			379				20  
	62			RR				268			-208			378				19  
	63			LR				933			-179			413				19  
	64			LL				796			178			370				20  
	65			RR				979			-182			461				19  
	66			RL				999			82			347				20  
	67			RR				864			-72			302				19  
	68			LL				317			220			391				20  
	69			LL				413			250			296				20  
	70			LR				742			-44			331				20  
	71			LR				973			-250			681				19  
	72			RL				323			221			354				20  
	73			LR				907			-72			381				19  
	74			LL				610			102			495				20  
	75			LL				308			86			336				20  
	76			LL				819			281			467				20  
	77			LL				251			267			426				20  
	78			LL				454			273			375				20  
	79			LR				272			-5			404				19  
	80			LL				971			101			317				20  
	81			LL				297			243			441				20  
	82			LR				998			-124			564				19  
	83			LL				817			266			379				20  
	84			RL				221			50			532				20  
	85			RR				508			-112			444				19  
	86			RL				751			174			353				20  
	87			RL				738			188			305				20  
	88			RR				687			-243			784				19  
	89			LL				651			89			383				20  
	90			LL				667			130			377				20  
	91			LL				952			160			366				20  
	92			LL				834			235			332				20  
	93			RR				381			-277			445				19  
	94			RR				327			-179			380				19  
	95			LR				468			-120			422				19  
	96			RR				782			-283			322				19  
	97			RL				470			178			360				20  
	98			LR				996			-164			353				19  
	99			RR				878			-177			349				19  
	100			LR				329			-179			409				19  
	101			LR				693			-216			288				19  
	102			LL				342			252			366				20  
	103			LR				200			-223			353				19  
	104			RL				975			202			344				20  
	105			RR				677			-4			276				19  
	106			RL				214			4			382				20  
	107			RR				207			-197			321				19  
	108			RR				706			-278			276				19  
	109			RR				367			-234			341				19  
	110			RR				863			-72			302				19  
	111			RL				564			179			327				20  
	112			RR				368			-227			366				19  
	113			RR				274			-54			373				19  
	114			RL				900			212			357				20  
	115			LR				665			-180			348				19  
	116			LR				679			-71			334				19  
	117			LR				693			-58			410				19  
	118			RR				445			-44			415				19  
	119			LL				424			272			406				20  
	120			LL				280			261			366				20  
	121			LR				483			-140			347				19  
	122			RL				985			70			424				20  
	123			RR				821			0			406				19  
	124			RL				972			207			378				20  
	125			LL				766			13			339				20  
	126			RR				472			-111			357				19  
	127			LR				671			-211			343				19  
	128			RR				835			-206			331				19  
	129			LL				960			261			358				20  
	130			LL				923			268			548				20  
	131			LR				854			-119			374				19  
	132			LR				447			-30			382				19  
	133			LR				643			-253			325				19  
	134			LL				643			155			462				20  
	135			RR				424			-224			426				19  
	136			LR				463			-178			397				19  
	137			RR				774			-22			360				19  
	138			RL				565			240			294				20  
	139			RL				343			252			365				20  
	140			RL				276			7			391				20  
	141			LR				226			-149			352				19  
	142			RL				559			1			362				20  
	143			LL				643			74			371				20  
	144			RL				553			137			367				20  
	145			LL				990			117			360				20  
	146			LR				818			-194			440				19  
	147			LL				517			154			381				20  
	148			RL				580			56			432				20  
	149			RL				453			229			347				20  
	150			RR				359			-89			409				19  
	151			RR				380			-183			326				19  
	152			LR				799			-79			366				19  
	153			RR				802			-134			303				19  
	154			LR				210			-61			428				19  
	155			LR				596			-69			386				19  
	156			LL				924			171			424				20  
	157			LR				669			-192			649				19  
	158			RR				302			-58			466				19  
	159			LL				460			261			399				20  
	160			LR				301			-205			498				19  
	161			RL				551			159			339				20  
	162			LR				263			-241			444				19  
	163			LL				485			197			344				20  
	164			LL				860			278			336				20  
	165			RL				233			71			504				20  
	166			RL				427			84			341				20  
	167			LL				906			211			321				20  
	168			LR				644			-187			399				19  
	169			RL				807			255			357				20  
	170			RL				738			94			367				20  
	171			LL				513			283			378				20  
	172			LR				959			-115			389				19  
	173			RL				836			162			330				20  
	174			LR				587			-213			334				20  
	175			LR				567			-120			415				19  
	176			RR				767			0			367				19  
	177			RL				203			48			383				20  
	178			LL				793			132			312				20  
	179			RR				519			-24			371				19  
	180			RL				434			238			365				20  
	181			LL				697			6			366				20  
	182			RR				689			-82			293				19  
	183			RR				211			-261			440				19  
	184			LR				665			-103			409				19  
	185			RL				462			243			337				20  
	186			LR				799			-179			366				19  
	187			LR				800			-81			366				19  
	188			LL				934			142			323				20  
	189			RL				506			134			415				20  
	190			RR				576			-33			376				19  
	191			LR				444			-43			384				19  
	192			LL				462			39			398				20  
	193			LL				693			263			351				20  
	194			RL				623			53			359				20  
	195			LL				913			260			314				20  
	196			RR				795			-98			371				19  
	197			RL				498			224			515				20  
	198			LR				726			-275			409				19  
	199			RR				325			-156			351				19  
	200			LR				702			-119			312				19  
	201			RL				795			261			370				20  
	202			RR				917			-5			309				19  
	203			RL				228			40			380				20  
	204			LL				964			241			293				20  
	205			RR				313			-250			394				19  
	206			RL				242			187			421				20  
	207			LL				518			52			341				20  
	208			RL				346			181			393				20  
	209			RR				317			-133			450				19  
	210			RL				754			219			891				20  
	211			LR				289			-107			449				19  
	212			LL				220			89			475				20  
	213			LL				236			246			522				20  
	214			LL				349			270			449				20  
	215			LR				224			-262			413				19  
	216			LR				924			-181			332				19  
	217			RR				648			-207			350				19  
	218			RR				796			-136			324				19  
	219			LL				502			109			357				20  
	220			RR				875			-261			383				19  
	221			RR				690			-54			339				19  
	222			RR				991			-104			327				19  
	223			RR				440			-164			329				19  
	224			LL				331			211			330				20  
	225			LL				287			13			421				20  
	226			LL				222			116			383				20  
	227			RL				731			46			373				20  
	228			LR				512			-29			377				19  
	229			RR				893			-54			395				19  
	230			RL				399			277			338				20  
	231			LL				331			247			346				20  
	232			LL				484			223			346				20  
	233			RL				777			212			358				20  
	234			RL				437			255			390				20  
	235			RR				230			-21			441				19  
	236			RR				267			-45			380				19  
	237			LR				592			-230			329				19  
	238			RR				723			-55			320				19  
	239			RL				806			275			390				20  
	240			RR				959			-165			375				19  
	241			LL				937			230			411				20  
	242			RL				828			6			347				20  
	243			LL				653			154			360				20  
	244			RL				449			63			349				20  
	245			RL				365			4			342				20  
	246			RL				424			238			375				20  
	247			LL				552			91			308				20  
	248			RR				396			-55			526				19  
	249			RL				553			267			368				20  
