

#! index		TrOrder		TrType			CTOA		CTD			RT		KeyPressed
	0			24			LL			200			0			304				20  
	1			26			LR			200			0			579				20  
	2			12			RL			200			0			425				20  
	3			17			RR			200			0			1038				19  
	4			6			LL			200			286			1341				20  
	5			21			LR			200			0			397				20  
	6			3			RL			200			0			917				19  
	7			7			RR			200			-286			525				19  
	8			27			LL			400			0			2212				20  
	9			10			LR			400			0			593				19  
	10			22			RL			400			0			348				20  
	11			8			RR			400			0			562				20  
	12			1			LL			400			286			1019				20  
	13			0			LR			400			0			4845				19  
	14			15			RL			400			0			441				19  
	15			9			RR			400			-286			715				19  
	16			30			LL			600			0			119				20  
	17			5			LR			600			0			912				20  
	18			13			RL			600			0			422				19  
	19			20			RR			600			0			453				19  
	20			31			LL			600			286			423				20  
	21			14			LR			600			0			300				19  
	22			18			RL			600			0			362				20  
	23			28			RR			600			-286			409				19  
	24			11			LL			800			0			375				20  
	25			4			LR			800			0			514				19  
	26			19			RL			800			0			315				19  
	27			23			RR			800			0			377				19  
	28			25			LL			800			286			652				20  
	29			2			LR			800			0			2273				19  
	30			29			RL			800			0			467				20  
	31			16			RR			800			-286			467				19  
	32			148			LL			200			0			520				20  
	33			63			LL			200			0			150				20  
	34			109			LL			200			0			457				20  
	35			47			LL			200			0			182				20  
	36			156			LR			200			0			825				19  
	37			77			LR			200			0			241				20  
	38			62			LR			200			0			356				19  
	39			118			LR			200			0			538				20  
	40			100			RL			200			0			458				20  
	41			134			RL			200			0			457				20  
	42			135			RL			200			0			396				19  
	43			153			RL			200			0			701				20  
	44			155			RR			200			0			395				19  
	45			97			RR			200			0			90				19  
	46			128			RR			200			0			245				19  
	47			69			RR			200			0			149				19  
	48			139			LL			200			286			486				20  
	49			101			LL			200			286			427				20  
	50			157			LL			200			286			487				20  
	51			105			LL			200			286			504				20  
	52			91			LR			200			0			273				20  
	53			133			LR			200			0			487				20  
	54			106			LR			200			0			487				19  
	55			122			LR			200			0			486				20  
	56			60			RL			200			0			519				20  
	57			72			RL			200			0			487				20  
	58			108			RL			200			0			166				19  
	59			149			RL			200			0			471				19  
	60			125			RR			200			-286			549				19  
	61			89			RR			200			-286			425				19  
	62			145			RR			200			-286			243				19  
	63			66			RR			200			-286			610				19  
	64			152			LL			400			0			440				20  
	65			120			LL			400			0			73				20  
	66			59			LL			400			0			225				20  
	67			147			LL			400			0			410				20  
	68			58			LR			400			0			410				19  
	69			61			LR			400			0			469				20  
	70			116			LR			400			0			471				20  
	71			86			LR			400			0			104				20  
	72			130			RL			400			0			563				20  
	73			95			RL			400			0			408				19  
	74			74			RL			400			0			380				20  
	75			93			RL			400			0			103				19  
	76			119			RR			400			0			624				19  
	77			52			RR			400			0			226				19  
	78			65			RR			400			0			133				19  
	79			113			RR			400			0			287				19  
	80			75			LL			400			286			194				20  
	81			81			LL			400			286			18				20  
	82			71			LL			400			286			227				20  
	83			57			LL			400			286			164				20  
	84			88			LR			400			0			196				20  
	85			44			LR			400			0			502				19  
	86			45			LR			400			0			103				20  
	87			140			LR			400			0			500				19  
	88			117			RL			400			0			439				20  
	89			33			RL			400			0			18				19  
	90			98			RL			400			0			379				20  
	91			127			RL			400			0			470				20  
	92			76			RR			400			-286			440				20  
	93			94			RR			400			-286			440				19  
	94			143			RR			400			-286			683				19  
	95			43			RR			400			-286			378				19  
	96			158			LL			600			0			506				19  
	97			96			LL			600			0			516				20  
	98			144			LL			600			0			485				20  
	99			68			LL			600			0			414				20  
	100			112			LR			600			0			483				19  
	101			92			LR			600			0			301				19  
	102			132			LR			600			0			363				19  
	103			103			LR			600			0			425				19  
	104			102			RL			600			0			360				20  
	105			131			RL			600			0			56				19  
	106			124			RL			600			0			25				19  
	107			53			RL			600			0			515				20  
	108			151			RR			600			0			577				19  
	109			56			RR			600			0			455				19  
	110			99			RR			600			0			454				19  
	111			83			RR			600			0			578				19  
	112			111			LL			600			286			424				20  
	113			73			LL			600			286			424				20  
	114			78			LL			600			286			516				20  
	115			141			LL			600			286			333				20  
	116			50			LR			600			0			332				19  
	117			49			LR			600			0			139				20  
	118			36			LR			600			0			208				20  
	119			51			LR			600			0			484				19  
	120			110			RL			600			0			423				20  
	121			142			RL			600			0			505				20  
	122			115			RL			600			0			485				20  
	123			35			RL			600			0			333				20  
	124			41			RR			600			-286			453				19  
	125			85			RR			600			-286			545				19  
	126			87			RR			600			-286			422				19  
	127			34			RR			600			-286			630				19  
	128			126			LL			800			0			500				20  
	129			146			LL			800			0			438				20  
	130			114			LL			800			0			622				20  
	131			79			LL			800			0			468				20  
	132			80			LR			800			0			376				19  
	133			46			LR			800			0			315				19  
	134			154			LR			800			0			425				19  
	135			138			LR			800			0			406				19  
	136			82			RL			800			0			370				20  
	137			32			RL			800			0			348				20  
	138			67			RL			800			0			360				20  
	139			90			RL			800			0			469				20  
	140			107			RR			800			0			377				19  
	141			136			RR			800			0			376				19  
	142			55			RR			800			0			436				19  
	143			54			RR			800			0			468				19  
	144			137			LL			800			286			285				20  
	145			37			LL			800			286			407				20  
	146			42			LL			800			286			438				20  
	147			38			LL			800			286			316				20  
	148			84			LR			800			0			774				19  
	149			159			LR			800			0			590				20  
	150			39			LR			800			0			360				19  
	151			104			LR			800			0			378				19  
	152			129			RL			800			0			421				20  
	153			48			RL			800			0			408				20  
	154			70			RL			800			0			467				20  
	155			40			RL			800			0			347				20  
	156			150			RR			800			-286			346				19  
	157			64			RR			800			-286			377				19  
	158			123			RR			800			-286			376				19  
	159			121			RR			800			-286			406				19  
