

#! index		TrType			CTOA		CTD			RT		KeyPressed
	0			RL				213			42			457				19  
	1			RL				597			96			428				20  
	2			RL				212			20			457				20  
	3			LL				258			218			520				20  
	4			LR				592			-136			341				19  
	5			LL				570			7			360				20  
	6			RL				232			128			485				20  
	7			RL				282			224			496				20  
	8			LR				396			-237			413				19  
	9			RL				214			65			454				20  
	10			RL				640			255			431				20  
	11			LR				730			-156			356				19  
	12			LR				333			-57			506				19  
	13			LR				377			-113			462				19  
	14			LL				235			199			469				20  
	15			RR				520			-202			441				19  
	16			RR				537			-74			333				19  
	17			RR				207			-252			548				19  
	18			LR				678			-46			407				19  
	19			LR				576			-241			385				19  
	20			LL				714			156			356				20  
	21			RR				649			-260			389				19  
	22			LL				377			85			372				20  
	23			LR				498			-223			434				19  
	24			LR				736			-263			407				19  
	25			LL				555			193			377				20  
	26			RL				380			138			490				20  
	27			RL				536			122			478				20  
	28			LR				467			-200			403				19  
	29			LL				565			285			412				20  
	30			RR				472			-8			367				19  
	31			RL				200			269			457				20  
	32			RR				747			-22			459				19  
	33			LR				326			-146			482				19  
	34			LR				795			0			383				19  
	35			RR				747			-7			336				19  
	36			LL				552			175			440				20  
	37			RR				242			-61			445				19  
	38			LL				500			174			493				20  
	39			RR				321			-181			366				19  
	40			LR				320			-147			428				19  
	41			LR				337			-41			410				19  
	42			LL				303			21			446				20  
	43			LR				351			-142			427				19  
	44			LR				659			-233			365				19  
	45			LR				660			-207			331				19  
	46			RR				676			-268			378				19  
	47			RR				445			-202			394				19  
	48			LR				573			-265			482				19  
	49			RL				340			216			499				20  
	50			RR				720			-10			456				19  
	51			LL				430			91			379				20  
	52			LR				518			-147			352				19  
	53			RL				562			264			459				20  
	54			LR				261			-92			396				19  
	55			LL				750			182			303				20  
	56			RR				586			-154			346				19  
	57			LR				548			-146			384				19  
	58			RR				374			-282			434				19  
	59			LL				331			189			387				20  
	60			RR				784			-153			330				19  
	61			LR				206			-184			397				19  
	62			RR				398			-263			318				19  
	63			RL				708			129			375				20  
	64			RL				662			214			454				20  
	65			RL				257			233			428				20  
	66			LL				640			192			353				20  
	67			RR				364			-268			414				19  
	68			LL				672			237			381				20  
	69			LR				663			-272			360				19  
	70			LL				461			270			379				20  
	71			LR				783			-91			394				19  
	72			RL				569			65			452				20  
	73			LR				523			-211			409				19  
	74			LL				795			100			381				20  
	75			LR				646			-252			361				19  
	76			LL				535			16			427				20  
	77			LR				339			-232			378				19  
	78			LL				303			246			400				20  
	79			RR				201			-36			394				19  
	80			LR				773			-105			358				19  
	81			LR				741			-177			391				19  
	82			RR				333			-58			383				19  
	83			LR				470			-181			400				19  
	84			LR				313			-239			435				19  
	85			LL				524			38			345				20  
	86			RL				454			47			447				20  
	87			RR				488			-135			473				19  
	88			LL				375			162			373				20  
	89			LL				292			124			395				20  
	90			LL				368			210			318				20  
	91			RR				588			-3			344				19  
	92			LL				360			258			357				20  
	93			RL				482			95			482				20  
	94			RR				262			-216			517				19  
	95			LR				764			-264			379				19  
	96			RR				245			-186			381				19  
	97			LR				346			-175			493				19  
	98			RL				630			213			363				20  
	99			RL				371			251			459				20  
	100			LL				632			278			392				20  
	101			RL				474			276			426				20  
	102			RR				481			-52			420				19  
	103			LR				423			-243			418				19  
	104			RL				624			202			430				20  
	105			LR				478			-30			391				19  
	106			RL				433			265			409				20  
	107			RR				225			-66			392				19  
	108			LR				592			-236			401				19  
	109			RR				439			-164			432				19  
	110			RL				367			173			441				20  
	111			RR				351			-81			367				19  
	112			LR				331			-65			569				19  
	113			RR				440			-184			369				19  
	114			RL				351			47			458				20  
	115			RR				776			-180			369				19  
	116			LR				241			-48			415				19  
	117			LR				798			-271			379				19  
	118			LL				337			128			473				20  
	119			LR				234			-67			391				19  
	120			RL				580			212			412				20  
	121			RR				344			-201			403				19  
	122			LL				515			39			386				20  
	123			RL				653			270			400				20  
	124			RR				441			-131			491				19  
	125			RR				541			-124			360				19  
	126			RR				319			-230			429				19  
	127			RR				419			-61			391				19  
	128			LL				389			80			378				20  
	129			LL				659			212			332				20  
	130			RR				201			-139			395				19  
	131			LL				646			138			347				20  
	132			RL				469			199			431				20  
	133			LR				552			-89			410				19  
	134			RL				519			51			444				20  
	135			LR				794			-3			350				19  
	136			RL				456			259			384				20  
	137			RR				339			-230			337				19  
	138			LL				468			266			403				20  
	139			RR				636			-32			373				19  
	140			RR				482			-266			326				19  
	141			RL				775			283			399				20  
	142			LL				465			164			405				20  
	143			RL				283			261			527				20  
	144			LR				471			-187			414				19  
	145			LR				579			-276			322				19  
	146			RL				586			135			438				20  
	147			RR				531			-100			367				19  
	148			LR				414			-155			411				19  
	149			LL				372			144			376				20  
	150			RL				441			133			450				20  
	151			RL				400			48			410				20  
	152			RR				393			-92			354				19  
	153			LL				738			18			407				20  
	154			RL				685			96			430				20  
	155			LL				478			171			452				20  
	156			RR				457			-82			352				19  
	157			LR				742			-60			372				19  
	158			RL				353			166			395				20  
	159			LL				680			194			311				20  
	160			LR				382			-70			367				19  
	161			RR				661			-221			363				19  
	162			LL				763			213			411				20  
	163			RR				358			-244			391				19  
	164			RR				396			-119			413				19  
	165			LR				598			-174			395				19  
	166			RL				358			128			420				20  
	167			RL				532			240			401				20  
	168			RR				659			-168			363				19  
	169			RL				407			179			402				20  
	170			RR				214			-18			427				19  
	171			RL				363			239			507				20  
	172			RL				228			267			397				20  
	173			RR				675			-264			347				19  
	174			LR				588			-208			344				19  
	175			RR				238			-284			387				19  
	176			LL				606			197			418				20  
	177			RL				276			82			503				20  
	178			RL				781			42			455				20  
	179			RR				536			-230			458				19  
	180			RR				312			-219			374				19  
	181			LL				352			143			427				20  
	182			LL				255			49			431				20  
	183			RR				215			-31			364				19  
	184			RL				771			106			466				20  
	185			RL				607			86			417				20  
	186			LR				604			-142			470				19  
	187			RL				417			69			413				20  
	188			LR				591			-216			371				19  
	189			LL				680			176			497				20  
	190			LL				563			143			367				20  
	191			LR				424			-188			355				19  
	192			RL				724			246			421				20  
	193			RL				228			245			456				20  
	194			RL				294			144			484				20  
	195			LL				518			61			476				20  
	196			RR				700			-171			353				19  
	197			LR				399			-32			409				19  
	198			RR				545			-171			570				19  
	199			RL				400			183			409				20  
	200			LR				770			-250			407				19  
	201			RL				471			103			429				20  
	202			RL				265			268			422				20  
	203			RL				782			155			362				20  
	204			RR				697			-28			419				19  
	205			LR				399			-95			441				19  
	206			LL				528			69			342				20  
	207			LR				288			-147			399				19  
	208			LL				357			125			390				20  
	209			LR				717			-47			398				19  
	210			LR				503			-141			352				19  
	211			RR				428			-57			473				19  
	212			RR				644			-222			364				19  
	213			RR				607			-116			355				19  
	214			RL				333			54			476				20  
	215			LL				392			144			385				20  
	216			RL				593			187			400				20  
	217			RL				739			39			407				20  
	218			RR				448			-56			452				19  
	219			RR				712			-168			342				19  
	220			LR				211			-266			395				19  
	221			RL				509			208			443				20  
	222			LR				629			-180			424				19  
	223			LL				496			145			436				20  
	224			LR				740			-61			405				19  
	225			RL				254			71			432				20  
	226			LR				557			-239			344				19  
	227			LR				350			-163			367				19  
	228			RL				433			162			407				20  
	229			RL				550			122			381				20  
	230			RL				304			226			475				20  
	231			LL				263			153			412				20  
	232			RR				699			-5			356				19  
	233			LR				479			-53			392				19  
	234			LL				784			164			360				20  
	235			LR				312			-80			405				19  
	236			RR				463			-185			362				19  
	237			LL				365			260			353				20  
	238			RL				708			168			437				20  
	239			LL				448			34			361				20  
	240			LR				704			-192			380				19  
	241			LR				579			-211			352				19  
	242			LL				300			148			386				20  
	243			RL				313			228			434				20  
	244			RL				424			278			386				20  
	245			RR				769			-69			376				19  
	246			LR				338			-29			410				19  
	247			RL				726			62			448				20  
	248			LR				673			-205			411				19  
	249			RR				426			-230			353				19  
