

#! index		TrOrder		TrType			CTOA		CTD			RT		KeyPressed
	0			20			LL			200			0			426				20  
	1			10			LR			200			0			548				19  
	2			22			RL			200			0			517				20  
	3			27			RR			200			0			425				19  
	4			19			LL			200			286			386				20  
	5			30			LR			200			0			395				19  
	6			14			RL			200			0			487				20  
	7			29			RR			200			-286			458				19  
	8			7			LL			400			0			552				20  
	9			21			LR			400			0			410				19  
	10			11			RL			400			0			409				20  
	11			12			RR			400			0			347				19  
	12			24			LL			400			286			441				20  
	13			3			LR			400			0			653				19  
	14			1			RL			400			0			531				20  
	15			18			RR			400			-286			469				19  
	16			25			LL			600			0			391				20  
	17			6			LR			600			0			452				19  
	18			9			RL			600			0			453				20  
	19			0			RR			600			0			608				19  
	20			5			LL			600			286			514				20  
	21			15			LR			600			0			299				19  
	22			8			RL			600			0			454				20  
	23			13			RR			600			-286			392				19  
	24			17			LL			800			0			406				20  
	25			26			LR			800			0			345				19  
	26			16			RL			800			0			408				20  
	27			31			RR			800			0			315				19  
	28			23			LL			800			286			315				20  
	29			2			LR			800			0			438				19  
	30			28			RL			800			0			347				20  
	31			4			RR			800			-286			652				19  
	32			154			LL			200			0			533				20  
	33			87			LL			200			0			427				20  
	34			112			LL			200			0			486				20  
	35			48			LL			200			0			395				20  
	36			102			LR			200			0			486				19  
	37			67			LR			200			0			473				19  
	38			129			LR			200			0			471				19  
	39			56			LR			200			0			610				19  
	40			77			RL			200			0			519				20  
	41			68			RL			200			0			395				20  
	42			141			RL			200			0			478				20  
	43			158			RL			200			0			441				20  
	44			74			RR			200			0			516				19  
	45			108			RR			200			0			424				19  
	46			153			RR			200			0			425				19  
	47			145			RR			200			0			546				19  
	48			96			LL			200			286			486				20  
	49			42			LL			200			286			423				20  
	50			142			LL			200			286			456				20  
	51			109			LL			200			286			426				20  
	52			152			LR			200			0			426				19  
	53			39			LR			200			0			425				19  
	54			130			LR			200			0			396				19  
	55			151			LR			200			0			518				19  
	56			63			RL			200			0			422				20  
	57			136			RL			200			0			487				20  
	58			94			RL			200			0			425				20  
	59			106			RL			200			0			427				20  
	60			150			RR			200			-286			517				19  
	61			47			RR			200			-286			366				19  
	62			131			RR			200			-286			426				19  
	63			46			RR			200			-286			395				19  
	64			40			LL			400			0			501				20  
	65			53			LL			400			0			457				20  
	66			70			LL			400			0			378				20  
	67			98			LL			400			0			377				20  
	68			35			LR			400			0			317				19  
	69			75			LR			400			0			408				19  
	70			69			LR			400			0			410				19  
	71			90			LR			400			0			348				19  
	72			41			RL			400			0			440				20  
	73			61			RL			400			0			440				20  
	74			155			RL			400			0			500				20  
	75			123			RL			400			0			471				20  
	76			124			RR			400			0			438				19  
	77			146			RR			400			0			347				19  
	78			139			RR			400			0			409				19  
	79			118			RR			400			0			378				19  
	80			57			LL			400			286			408				20  
	81			111			LL			400			286			469				20  
	82			114			LL			400			286			378				20  
	83			72			LL			400			286			501				20  
	84			52			LR			400			0			348				19  
	85			100			LR			400			0			378				19  
	86			156			LR			400			0			347				19  
	87			99			LR			400			0			410				19  
	88			88			RL			400			0			469				20  
	89			71			RL			400			0			408				20  
	90			119			RL			400			0			407				20  
	91			50			RL			400			0			439				20  
	92			122			RR			400			-286			346				19  
	93			140			RR			400			-286			347				19  
	94			54			RR			400			-286			409				19  
	95			147			RR			400			-286			378				19  
	96			95			LL			600			0			393				20  
	97			91			LL			600			0			422				20  
	98			138			LL			600			0			454				20  
	99			78			LL			600			0			452				20  
	100			60			LR			600			0			391				19  
	101			132			LR			600			0			422				19  
	102			38			LR			600			0			302				19  
	103			93			LR			600			0			423				19  
	104			37			RL			600			0			360				20  
	105			81			RL			600			0			392				20  
	106			115			RL			600			0			444				20  
	107			85			RL			600			0			484				20  
	108			126			RR			600			0			360				19  
	109			148			RR			600			0			362				19  
	110			44			RR			600			0			330				19  
	111			89			RR			600			0			410				19  
	112			137			LL			600			286			454				20  
	113			73			LL			600			286			362				20  
	114			59			LL			600			286			393				20  
	115			86			LL			600			286			513				20  
	116			97			LR			600			0			422				19  
	117			107			LR			600			0			331				19  
	118			34			LR			600			0			270				19  
	119			58			LR			600			0			352				19  
	120			113			RL			600			0			413				20  
	121			116			RL			600			0			423				20  
	122			128			RL			600			0			483				20  
	123			33			RL			600			0			362				20  
	124			117			RR			600			-286			329				19  
	125			125			RR			600			-286			515				19  
	126			121			RR			600			-286			501				19  
	127			120			RR			600			-286			331				19  
	128			62			LL			800			0			467				20  
	129			127			LL			800			0			346				20  
	130			43			LL			800			0			377				20  
	131			110			LL			800			0			499				20  
	132			51			LR			800			0			346				19  
	133			101			LR			800			0			314				19  
	134			134			LR			800			0			407				19  
	135			45			LR			800			0			376				19  
	136			105			RL			800			0			344				20  
	137			159			RL			800			0			405				20  
	138			82			RL			800			0			375				20  
	139			143			RL			800			0			437				20  
	140			157			RR			800			0			394				19  
	141			135			RR			800			0			373				19  
	142			84			RR			800			0			530				19  
	143			66			RR			800			0			397				19  
	144			80			LL			800			286			513				20  
	145			133			LL			800			286			865				20  
	146			65			LL			800			286			404				20  
	147			64			LL			800			286			407				20  
	148			149			LR			800			0			374				19  
	149			103			LR			800			0			315				19  
	150			49			LR			800			0			346				19  
	151			76			LR			800			0			374				19  
	152			144			RL			800			0			469				20  
	153			32			RL			800			0			404				20  
	154			79			RL			800			0			620				20  
	155			92			RL			800			0			496				20  
	156			55			RR			800			-286			298				19  
	157			36			RR			800			-286			345				19  
	158			83			RR			800			-286			559				19  
	159			104			RR			800			-286			467				19  
