

#! index		TrType			CTOA		CTD			RT		KeyPressed
	0			LL				575			60			441				19  
	1			RR				629			-34			311				19  
	2			RL				240			126			470				20  
	3			RR				765			-31			342				19  
	4			LL				238			260			350				20  
	5			RL				773			284			335				20  
	6			LL				584			132			340				20  
	7			RR				726			-145			316				19  
	8			LL				305			64			435				20  
	9			RR				415			-99			447				19  
	10			RL				499			104			503				20  
	11			LL				625			97			483				20  
	12			LR				697			-15			319				19  
	13			LL				363			235			530				20  
	14			LR				428			-18			376				19  
	15			LR				374			-166			334				19  
	16			RR				371			-173			799				19  
	17			RR				649			-168			276				19  
	18			RR				354			-182			280				19  
	19			LR				490			-153			373				19  
	20			RR				700			-17			301				19  
	21			RL				319			85			392				20  
	22			LR				524			-173			398				19  
	23			RL				556			244			401				20  
	24			LL				450			47			383				20  
	25			LR				488			-124			344				19  
	26			RL				239			99			426				20  
	27			LR				602			-38			383				19  
	28			RL				356			28			385				20  
	29			LL				740			121			366				20  
	30			RR				462			-70			310				19  
	31			LL				497			222			334				20  
	32			RL				677			40			401				20  
	33			LR				440			-221			362				19  
	34			RL				352			225			419				20  
	35			LL				453			26			349				20  
	36			LL				715			195			331				20  
	37			RR				323			-6			328				19  
	38			LL				404			177			336				20  
	39			LL				465			201			276				20  
	40			LR				720			-177			449				19  
	41			RR				268			-211			349				19  
	42			RR				736			-112			372				19  
	43			LL				220			184			357				20  
	44			LR				684			-90			394				19  
	45			RR				557			-133			305				19  
	46			RL				612			195			404				20  
	47			RR				422			-162			318				19  
	48			LR				436			-204			367				19  
	49			RL				209			218			418				20  
	50			RL				632			70			382				20  
	51			RL				406			65			305				20  
	52			RL				248			1			431				20  
	53			RL				485			51			409				20  
	54			LR				273			-175			436				19  
	55			LL				462			133			616				19  
	56			RL				742			50			449				20  
	57			LL				551			27			495				20  
	58			LR				292			-101			433				19  
	59			LR				721			-16			510				19  
	60			LL				579			179			405				20  
	61			RL				727			89			443				20  
	62			RL				264			254			385				20  
	63			LL				267			142			749				20  
	64			LL				375			262			488				20  
	65			RL				742			266			425				20  
	66			RL				422			181			381				20  
	67			LL				529			202			333				20  
	68			LR				587			-49			398				19  
	69			LL				201			187			603				20  
	70			RR				236			-245			413				19  
	71			RL				612			115			374				20  
	72			RR				799			-9			369				19  
	73			RR				732			-39			314				19  
	74			LL				432			104			391				20  
	75			LL				384			8			326				20  
	76			LR				344			-170			397				19  
	77			LL				724			215			322				20  
	78			RL				548			17			376				20  
	79			RL				652			68			353				20  
	80			RL				445			14			357				20  
	81			LR				360			-212			381				19  
	82			LR				603			-154			474				19  
	83			LR				622			-128			485				19  
	84			RL				705			186			464				20  
	85			LL				323			217			530				20  
	86			LL				340			68			361				20  
	87			LL				699			76			347				20  
	88			RL				550			268			435				20  
	89			LR				587			-175			476				19  
	90			RR				731			-99			376				19  
	91			LL				762			220			530				20  
	92			RR				607			-54			317				19  
	93			RL				332			143			408				20  
	94			LR				602			-57			414				19  
	95			RL				394			58			377				20  
	96			RR				250			-128			399				19  
	97			RL				393			163			378				20  
	98			LL				552			77			393				20  
	99			RR				515			-207			353				19  
	100			RL				283			169			365				20  
	101			RL				491			206			342				20  
	102			LR				353			-150			448				19  
	103			RL				468			9			335				20  
	104			LL				769			109			368				20  
	105			RL				289			268			545				20  
	106			RL				412			208			358				20  
	107			RR				682			-100			395				19  
	108			RL				424			159			440				20  
	109			LL				587			117			417				20  
	110			LL				423			42			349				20  
	111			RL				778			236			391				20  
	112			RR				612			-52			465				19  
	113			LR				327			-217			445				19  
	114			LR				347			-2			424				19  
	115			RL				576			165			378				20  
	116			RR				539			-66			402				19  
	117			RL				377			60			363				20  
	118			LL				587			222			338				20  
	119			RL				322			248			357				20  
	120			LL				569			28			355				20  
	121			LL				659			233			357				20  
	122			RL				555			225			369				20  
	123			RR				665			-59			412				19  
	124			LL				522			164			310				20  
	125			RR				526			-26			430				19  
	126			LR				274			-274			435				19  
	127			RL				414			181			389				20  
	128			LR				541			-195			444				19  
	129			RL				406			108			395				20  
	130			LL				328			127			352				20  
	131			RR				388			-137			323				19  
	132			LR				277			-56			449				19  
	133			LR				751			-37			388				19  
	134			RR				275			-87			435				19  
	135			LR				620			-31			488				19  
	136			LR				675			-137			401				19  
	137			RR				651			-42			427				19  
	138			LR				433			-131			368				19  
	139			RL				243			279			407				20  
	140			RR				470			-31			362				19  
	141			LR				739			-2			492				19  
	142			LR				426			-143			344				19  
	143			LR				546			-219			348				19  
	144			LR				624			-163			469				19  
	145			LL				208			263			540				20  
	146			RR				274			-113			315				19  
	147			RL				563			64			330				20  
	148			LL				651			179			304				20  
	149			LL				327			105			349				20  
	150			RL				313			93			334				20  
	151			RL				379			171			331				20  
	152			RR				384			0			357				19  
	153			LR				684			-91			394				19  
	154			LL				545			218			317				20  
	155			LL				289			260			422				20  
	156			LR				242			-243			376				19  
	157			RR				480			-154			353				19  
	158			RL				616			177			369				20  
	159			RR				391			-221			289				19  
	160			LL				613			108			479				20  
	161			LR				210			-251			480				19  
	162			RL				570			217			508				20  
	163			LR				570			-62			339				19  
	164			LL				763			109			376				20  
	165			LL				622			160			608				20  
	166			LR				569			-247			371				19  
	167			RL				479			220			537				20  
	168			LR				204			-124			388				19  
	169			RR				577			-88			379				19  
	170			LR				441			-106			390				19  
	171			LR				668			-209			349				19  
	172			LL				596			115			329				20  
	173			RL				453			252			379				20  
	174			RL				584			267			310				20  
	175			LR				214			-38			449				19  
	176			RR				551			-117			451				19  
	177			LR				469			-42			393				19  
	178			LR				333			-166			347				19  
	179			LL				593			95			393				20  
	180			LR				778			-222			391				19  
	181			LL				400			68			371				20  
	182			RR				240			-90			654				19  
	183			LR				483			-4			410				19  
	184			RR				411			-185			360				19  
	185			RR				372			-282			430				19  
	186			RL				454			269			624				20  
	187			LL				699			103			317				20  
	188			LL				789			226			349				20  
	189			RR				538			-242			356				19  
	190			RR				739			-88			307				19  
	191			LL				606			157			319				20  
	192			LR				750			-129			387				19  
	193			RL				340			221			400				20  
	194			LL				349			211			359				20  
	195			LR				738			-207			372				19  
	196			RR				731			-85			346				19  
	197			RL				697			91			380				20  
	198			RL				315			161			364				20  
	199			LL				790			132			349				20  
	200			LL				700			93			337				20  
	201			RR				286			-150			302				19  
	202			RL				616			226			420				20  
	203			RR				286			-151			364				19  
	204			LL				751			178			355				20  
	205			LL				594			0			424				20  
	206			RR				429			-229			312				19  
	207			RR				607			-125			378				19  
	208			RR				799			-16			309				19  
	209			RR				538			-68			355				19  
	210			RR				216			-91			420				19  
	211			RR				412			-22			328				19  
	212			RL				727			216			412				20  
	213			RR				603			-191			353				19  
	214			RL				322			237			418				20  
	215			LR				695			-254			352				19  
	216			RL				696			238			473				20  
	217			LR				578			-174			377				19  
	218			LR				242			-164			407				19  
	219			RR				277			-150			341				19  
	220			RR				420			-88			322				19  
	221			LR				612			-68			342				19  
	222			LL				661			246			346				20  
	223			RR				515			-179			302				19  
	224			LL				317			89			455				20  
	225			RR				215			-186			327				19  
	226			RR				748			-107			298				19  
	227			LR				649			-223			400				19  
	228			LR				415			-53			386				19  
	229			RL				760			43			410				20  
	230			RR				475			-41			357				19  
	231			RL				662			141			416				20  
	232			LR				205			-206			418				19  
	233			RR				721			-178			389				19  
	234			LL				497			208			367				20  
	235			LL				684			188			392				20  
	236			LL				476			118			357				20  
	237			RR				703			-230			313				19  
	238			LL				572			75			444				20  
	239			LL				683			244			333				20  
	240			RL				774			231			395				20  
	241			LR				262			-130			417				19  
	242			LR				559			-248			427				19  
	243			LL				393			231			378				20  
	244			RL				767			269			341				20  
	245			RL				604			28			350				20  
	246			RR				399			-50			372				19  
	247			RR				648			-285			338				19  
	248			LR				531			-52			454				19  
	249			LR				690			-85			327				19  
