

#! index		TrOrder		TrType			CTOA		CTD			RT		KeyPressed
	0			2			LL			200			0			445				20  
	1			14			LR			200			0			416				19  
	2			29			RL			200			0			353				20  
	3			22			RR			200			0			386				19  
	4			12			LL			200			286			400				20  
	5			30			LR			200			0			357				19  
	6			9			RL			200			0			413				20  
	7			8			RR			200			-286			415				19  
	8			7			LL			400			0			339				20  
	9			28			LR			400			0			340				19  
	10			20			RL			400			0			341				20  
	11			25			RR			400			0			309				19  
	12			26			LL			400			286			371				20  
	13			21			LR			400			0			310				19  
	14			0			RL			400			0			494				19  
	15			4			RR			400			-286			275				19  
	16			6			LL			600			0			415				20  
	17			1			LR			600			0			323				19  
	18			3			RL			600			0			293				20  
	19			13			RR			600			0			292				19  
	20			31			LL			600			286			322				20  
	21			18			LR			600			0			294				19  
	22			17			RL			600			0			295				20  
	23			15			RR			600			-286			293				19  
	24			27			LL			800			0			336				20  
	25			24			LR			800			0			307				19  
	26			10			RL			800			0			277				20  
	27			16			RR			800			0			337				19  
	28			19			LL			800			286			337				20  
	29			11			LR			800			0			277				19  
	30			5			RL			800			0			336				20  
	31			23			RR			800			-286			275				19  
	32			75			LL			200			0			387				20  
	33			71			LL			200			0			385				20  
	34			39			LL			200			0			385				20  
	35			56			LL			200			0			446				20  
	36			158			LR			200			0			355				19  
	37			58			LR			200			0			386				19  
	38			82			LR			200			0			371				19  
	39			154			LR			200			0			381				19  
	40			146			RL			200			0			385				20  
	41			119			RL			200			0			475				20  
	42			143			RL			200			0			477				20  
	43			38			RL			200			0			446				20  
	44			41			RR			200			0			383				19  
	45			106			RR			200			0			356				19  
	46			34			RR			200			0			446				19  
	47			121			RR			200			0			446				19  
	48			63			LL			200			286			384				20  
	49			153			LL			200			286			417				20  
	50			93			LL			200			286			346				20  
	51			76			LL			200			286			353				19  
	52			96			LR			200			0			341				19  
	53			125			LR			200			0			354				19  
	54			98			LR			200			0			383				19  
	55			144			LR			200			0			416				19  
	56			65			RL			200			0			363				20  
	57			122			RL			200			0			750				20  
	58			111			RL			200			0			414				20  
	59			77			RL			200			0			372				20  
	60			108			RR			200			-286			382				19  
	61			61			RR			200			-286			354				19  
	62			110			RR			200			-286			326				19  
	63			109			RR			200			-286			325				19  
	64			102			LL			400			0			370				20  
	65			137			LL			400			0			339				20  
	66			88			LL			400			0			339				20  
	67			40			LL			400			0			341				20  
	68			123			LR			400			0			310				19  
	69			81			LR			400			0			339				19  
	70			134			LR			400			0			339				19  
	71			130			LR			400			0			370				19  
	72			157			RL			400			0			339				20  
	73			70			RL			400			0			309				20  
	74			95			RL			400			0			370				20  
	75			105			RL			400			0			310				20  
	76			112			RR			400			0			371				19  
	77			141			RR			400			0			371				19  
	78			133			RR			400			0			432				19  
	79			32			RR			400			0			340				19  
	80			113			LL			400			286			339				20  
	81			97			LL			400			286			311				20  
	82			128			LL			400			286			371				20  
	83			103			LL			400			286			340				20  
	84			42			LR			400			0			279				19  
	85			139			LR			400			0			462				19  
	86			60			LR			400			0			310				19  
	87			57			LR			400			0			247				19  
	88			47			RL			400			0			341				20  
	89			69			RL			400			0			339				20  
	90			126			RL			400			0			340				20  
	91			149			RL			400			0			399				20  
	92			80			RR			400			-286			340				19  
	93			99			RR			400			-286			325				19  
	94			90			RR			400			-286			278				19  
	95			116			RR			400			-286			338				19  
	96			156			LL			600			0			445				20  
	97			46			LL			600			0			385				20  
	98			100			LL			600			0			353				20  
	99			50			LL			600			0			354				20  
	100			49			LR			600			0			354				19  
	101			73			LR			600			0			292				19  
	102			117			LR			600			0			324				19  
	103			142			LR			600			0			414				19  
	104			152			RL			600			0			339				20  
	105			150			RL			600			0			354				20  
	106			55			RL			600			0			354				20  
	107			148			RL			600			0			324				20  
	108			136			RR			600			0			324				19  
	109			62			RR			600			0			322				19  
	110			155			RR			600			0			383				19  
	111			66			RR			600			0			320				19  
	112			94			LL			600			286			323				20  
	113			86			LL			600			286			383				20  
	114			140			LL			600			286			445				20  
	115			51			LL			600			286			354				20  
	116			44			LR			600			0			294				19  
	117			101			LR			600			0			353				19  
	118			59			LR			600			0			290				19  
	119			52			LR			600			0			293				19  
	120			132			RL			600			0			536				20  
	121			127			RL			600			0			341				20  
	122			114			RL			600			0			355				20  
	123			78			RL			600			0			353				20  
	124			118			RR			600			-286			354				19  
	125			54			RR			600			-286			291				19  
	126			159			RR			600			-286			350				19  
	127			120			RR			600			-286			384				19  
	128			89			LL			800			0			369				20  
	129			36			LL			800			0			322				20  
	130			43			LL			800			0			307				20  
	131			67			LL			800			0			320				20  
	132			85			LR			800			0			298				19  
	133			83			LR			800			0			323				19  
	134			151			LR			800			0			246				19  
	135			115			LR			800			0			398				19  
	136			53			RL			800			0			337				20  
	137			91			RL			800			0			338				20  
	138			68			RL			800			0			337				20  
	139			79			RL			800			0			338				20  
	140			107			RR			800			0			367				19  
	141			87			RR			800			0			336				19  
	142			48			RR			800			0			336				19  
	143			104			RR			800			0			337				19  
	144			84			LL			800			286			336				20  
	145			145			LL			800			286			333				20  
	146			37			LL			800			286			338				20  
	147			92			LL			800			286			480				20  
	148			35			LR			800			0			308				19  
	149			72			LR			800			0			307				19  
	150			45			LR			800			0			301				19  
	151			124			LR			800			0			277				19  
	152			138			RL			800			0			336				20  
	153			33			RL			800			0			308				20  
	154			131			RL			800			0			427				20  
	155			74			RL			800			0			275				20  
	156			129			RR			800			-286			397				19  
	157			135			RR			800			-286			324				19  
	158			64			RR			800			-286			285				19  
	159			147			RR			800			-286			308				19  
