

#! index		TrType			CTOA		CTD			RT		KeyPressed
	0			LR				387			-118			454				19  
	1			RR				745			-183			492				19  
	2			RL				650			114			433				20  
	3			LL				278			133			380				20  
	4			LR				509			-229			447				19  
	5			RR				398			0			380				19  
	6			RL				540			165			513				20  
	7			RR				795			-145			460				19  
	8			RR				778			-155			335				19  
	9			RL				669			86			416				20  
	10			RR				304			-192			381				19  
	11			RR				552			-148			349				19  
	12			RL				337			6			441				20  
	13			RR				577			-53			294				19  
	14			LR				257			-184			521				19  
	15			RL				739			180			344				20  
	16			LL				741			87			526				20  
	17			LL				489			84			351				20  
	18			LL				794			45			351				20  
	19			RR				520			-241			319				19  
	20			LL				702			240			414				20  
	21			RL				506			213			457				20  
	22			RR				218			-115			486				19  
	23			RL				231			54			396				20  
	24			RL				343			140			526				20  
	25			RL				730			36			323				20  
	26			LR				510			-94			330				19  
	27			RR				694			-150			437				19  
	28			RR				272			-196			354				19  
	29			LR				368			-179			350				19  
	30			LR				274			-213			474				19  
	31			RR				778			-130			400				19  
	32			RR				626			-111			304				19  
	33			RR				268			-273			327				19  
	34			LL				382			176			456				20  
	35			LL				677			51			407				20  
	36			RL				754			183			414				20  
	37			LR				351			-168			398				19  
	38			LR				667			-149			492				19  
	39			RR				478			-283			424				19  
	40			RR				255			-85			401				19  
	41			RR				704			-33			382				19  
	42			RL				377			276			523				20  
	43			RL				611			248			473				20  
	44			RR				585			-3			347				19  
	45			RR				356			-11			438				19  
	46			RL				464			166			529				20  
	47			RR				250			-271			436				19  
	48			RL				603			124			330				20  
	49			LL				317			58			431				20  
	50			LR				312			-27			436				19  
	51			LL				492			272			553				20  
	52			LR				563			-148			399				19  
	53			LL				544			57			325				20  
	54			RR				466			-53			313				19  
	55			LL				473			276			336				20  
	56			LR				497			-192			465				19  
	57			RL				246			180			532				20  
	58			LL				215			105			396				20  
	59			LR				476			-162			363				19  
	60			RL				599			246			334				20  
	61			LL				656			285			306				20  
	62			RL				627			122			456				20  
	63			LR				339			-155			441				19  
	64			RL				460			86			347				20  
	65			LL				572			92			361				20  
	66			RL				552			224			441				20  
	67			RL				356			94			381				20  
	68			RR				735			-157			410				19  
	69			LL				356			275			331				20  
	70			RR				696			-160			296				19  
	71			RL				613			186			426				20  
	72			LR				611			-98			565				19  
	73			RL				268			175			420				20  
	74			LL				594			93			397				20  
	75			RL				776			142			400				20  
	76			LL				370			46			409				20  
	77			RL				241			258			445				20  
	78			LR				440			-191			338				19  
	79			RL				770			256			621				20  
	80			LR				747			-226			400				19  
	81			LL				484			127			356				20  
	82			RR				275			-232			349				19  
	83			RR				482			-118			419				19  
	84			RL				251			127			404				20  
	85			RL				447			28			424				20  
	86			RR				745			-98			367				19  
	87			RR				241			-242			416				19  
	88			LR				783			-69			331				19  
	89			LR				584			-256			380				19  
	90			LL				523			109			408				20  
	91			RL				398			158			441				20  
	92			RR				666			-118			388				19  
	93			LR				554			-111			377				19  
	94			LR				202			-5			456				19  
	95			RR				471			-174			307				19  
	96			RL				531			138			355				20  
	97			RR				738			-122			470				19  
	98			RL				646			221			405				20  
	99			LR				791			-20			325				19  
	100			RR				730			-79			446				19  
	101			LL				359			274			1001				20  
	102			LL				692			219			451				20  
	103			RL				342			13			377				20  
	104			RL				576			117			416				20  
	105			LL				588			53			376				20  
	106			RL				354			249			364				20  
	107			RL				646			179			436				20  
	108			LR				304			-101			537				19  
	109			LL				769			206			376				20  
	110			LL				211			180			334				20  
	111			LR				379			-249			369				19  
	112			LL				355			253			302				20  
	113			LR				217			-141			396				19  
	114			LL				245			30			932				19  
	115			RL				492			48			378				20  
	116			RR				605			-225			326				19  
	117			RL				529			86			372				20  
	118			RR				305			-159			351				19  
	119			RR				518			-229			413				19  
	120			RR				353			-265			716				19  
	121			LL				732			92			323				20  
	122			LR				654			-153			369				19  
	123			LR				587			-282			344				19  
	124			RL				284			18			403				20  
	125			LL				348			226			277				20  
	126			RL				450			221			359				20  
	127			LL				323			142			333				20  
	128			LR				504			-114			367				19  
	129			RR				239			-70			448				19  
	130			LL				720			33			396				20  
	131			LL				678			80			345				20  
	132			RR				271			-202			321				19  
	133			LR				593			-47			553				19  
	134			RL				586			199			374				20  
	135			RR				626			-204			382				19  
	136			LR				500			-117			463				19  
	137			RL				365			187			597				20  
	138			LL				665			22			327				20  
	139			LL				304			8			494				20  
	140			RR				453			-68			295				19  
	141			RL				522			95			287				20  
	142			RR				692			-53			332				19  
	143			RL				517			195			352				20  
	144			LL				616			92			317				20  
	145			RR				434			-59			345				19  
	146			LR				264			-146			361				19  
	147			RL				511			5			298				20  
	148			LR				305			-9			381				19  
	149			RL				352			33			366				20  
	150			LL				370			18			307				20  
	151			RL				513			232			417				20  
	152			LR				712			-194			294				19  
	153			RR				224			-58			411				19  
	154			RL				634			106			329				20  
	155			RR				228			-71			488				19  
	156			LL				353			179			456				20  
	157			RL				659			80			364				20  
	158			RR				671			-203			259				19  
	159			LL				691			90			393				20  
	160			LR				761			-97			384				19  
	161			RR				200			-258			486				19  
	162			RL				688			82			335				20  
	163			RR				496			-57			343				19  
	164			LR				618			-231			405				19  
	165			RL				241			231			384				20  
	166			RR				390			-262			327				19  
	167			RL				766			155			288				20  
	168			LR				336			-98			350				19  
	169			LL				762			114			474				20  
	170			LL				351			212			427				20  
	171			LL				555			172			397				20  
	172			RR				498			-91			341				19  
	173			LR				671			-22			537				19  
	174			LL				793			159			443				20  
	175			LL				679			25			710				20  
	176			LR				565			-249			458				19  
	177			LR				514			-120			387				19  
	178			RL				240			216			415				20  
	179			RL				447			261			363				20  
	180			RR				688			-1			458				19  
	181			LR				533			-27			336				19  
	182			RR				295			0			423				19  
	183			RL				487			115			229				20  
	184			RL				533			144			338				20  
	185			RL				269			192			295				20  
	186			LL				322			45			439				20  
	187			RL				245			168			380				20  
	188			RL				499			70			341				20  
	189			LL				353			240			425				20  
	190			RR				301			-196			417				19  
	191			LR				303			-36			352				19  
	192			RL				361			19			313				20  
	193			LL				363			226			446				20  
	194			RL				605			144			327				20  
	195			RR				308			-4			378				19  
	196			LL				711			38			342				20  
	197			LL				206			223			295				20  
	198			RL				559			141			401				20  
	199			RR				706			-177			654				20  
	200			LL				611			159			380				20  
	201			LL				424			15			292				20  
	202			LR				501			-202			298				19  
	203			RL				541			239			329				20  
	204			LR				416			-151			333				19  
	205			RL				719			95			334				20  
	206			LR				728			-97			326				19  
	207			LR				209			-122			335				19  
	208			LL				678			3			435				20  
	209			RR				374			-244			526				19  
	210			RL				746			247			522				20  
	211			RR				481			-14			388				19  
	212			LR				513			-143			418				19  
	213			LL				337			65			320				20  
	214			LR				240			-180			355				19  
	215			LL				557			60			556				20  
	216			LL				757			184			328				20  
	217			LL				362			26			354				20  
	218			RR				619			-38			344				19  
	219			LL				627			6			336				20  
	220			LL				540			171			268				20  
	221			RL				459			156			381				20  
	222			LL				488			284			350				20  
	223			LR				790			-4			356				19  
	224			LR				326			-113			575				19  
	225			LL				704			184			409				20  
	226			RR				231			-220			517				20  
	227			LL				619			261			403				20  
	228			RR				674			-244			533				20  
	229			RL				756			24			389				20  
	230			LL				770			65			375				20  
	231			RL				529			240			769				20  
	232			LL				257			278			736				20  
	233			LL				255			96			247				20  
	234			LR				265			-219			392				19  
	235			LL				503			227			366				20  
	236			LL				289			214			307				20  
	237			RR				751			-279			454				19  
	238			RL				699			259			265				20  
	239			RL				612			155			349				20  
	240			RL				664			214			358				20  
	241			LL				202			111			335				20  
	242			LL				706			145			285				20  
	243			LR				691			-174			332				19  
	244			LR				294			-264			331				19  
	245			RR				755			-22			392				19  
	246			LL				632			81			391				20  
	247			RR				483			-54			294				19  
	248			RR				470			-254			370				19  
	249			RL				414			147			303				20  
