

#! index		TrType			CTOA		CTD			RT		KeyPressed
	0			RR				433			-205			557				19  
	1			RR				332			-18			413				19  
	2			LR				694			-238			418				19  
	3			RL				958			5			459				20  
	4			RR				929			-116			427				19  
	5			LL				655			282			456				20  
	6			RL				217			269			515				20  
	7			RR				347			-178			443				19  
	8			RR				342			-199			358				19  
	9			RL				769			237			403				20  
	10			RR				254			-176			430				19  
	11			LL				829			160			373				20  
	12			RL				879			237			387				20  
	13			RL				748			157			363				20  
	14			RL				762			150			351				20  
	15			LL				288			174			486				20  
	16			LL				279			58			395				20  
	17			LR				232			-13			695				19  
	18			RL				730			8			351				20  
	19			LL				487			187			379				20  
	20			LR				351			-163			365				19  
	21			LL				846			186			388				20  
	22			RR				495			-101			402				19  
	23			RL				360			0			385				20  
	24			LR				801			-161			370				19  
	25			LR				423			-198			491				19  
	26			RL				912			241			505				20  
	27			RL				275			51			429				20  
	28			LL				314			198			371				20  
	29			RL				338			263			344				20  
	30			RR				862			-61			465				19  
	31			RL				519			84			379				20  
	32			RR				241			-64			779				19  
	33			LL				524			240			452				20  
	34			RR				526			-45			555				19  
	35			LL				977			167			608				20  
	36			LL				732			32			504				20  
	37			LL				608			195			443				20  
	38			LR				753			-261			450				19  
	39			LR				510			-144			403				19  
	40			LR				447			-81			329				19  
	41			RL				618			249			310				20  
	42			RR				855			-237			686				19  
	43			LL				235			282			418				20  
	44			RL				908			257			416				20  
	45			RL				235			25			511				20  
	46			LL				705			48			469				20  
	47			RL				796			98			407				20  
	48			LR				543			-189			385				19  
	49			RR				474			-44			455				19  
	50			LL				877			135			846				20  
	51			RL				306			54			439				20  
	52			LR				205			-275			483				19  
	53			RL				869			39			426				20  
	54			LR				860			-206			404				19  
	55			LR				780			-80			393				19  
	56			LL				851			143			353				20  
	57			RR				987			-67			461				19  
	58			LL				463			189			526				20  
	59			RL				994			135			364				20  
	60			LR				317			-170			458				19  
	61			RL				696			69			507				20  
	62			RL				849			201			416				20  
	63			LR				819			-61			384				19  
	64			LL				930			173			428				20  
	65			RR				709			-13			402				19  
	66			RR				933			-33			423				19  
	67			RR				535			-266			409				19  
	68			LL				724			50			450				20  
	69			LL				454			218			381				20  
	70			LL				833			56			493				20  
	71			RR				510			-218			481				19  
	72			RL				704			96			376				20  
	73			LR				468			-214			431				19  
	74			LR				640			-282			348				19  
	75			RR				326			-271			419				19  
	76			RR				363			-207			504				19  
	77			LR				455			-139			382				19  
	78			RR				401			-166			528				19  
	79			LR				541			-190			356				19  
	80			LL				352			256			440				20  
	81			LR				510			-214			357				19  
	82			LL				322			118			423				20  
	83			LR				592			-244			365				19  
	84			RR				392			-59			384				19  
	85			LL				381			55			539				20  
	86			LR				341			-29			403				19  
	87			RL				922			122			373				20  
	88			RR				512			-117			415				19  
	89			LR				977			-202			473				19  
	90			RL				709			229			342				20  
	91			RR				627			-80			455				19  
	92			LL				428			112			499				20  
	93			RL				760			240			464				20  
	94			RR				643			-239			500				19  
	95			LL				809			283			425				20  
	96			LL				965			100			391				20  
	97			LL				247			8			467				20  
	98			RL				588			274			401				20  
	99			LR				916			-91			471				19  
	100			LL				683			247			461				20  
	101			RL				524			229			556				20  
	102			RR				750			-254			393				19  
	103			RL				264			134			451				20  
	104			LL				936			83			440				20  
	105			RR				806			-96			399				19  
	106			RR				799			-160			465				19  
	107			RR				281			-197			403				19  
	108			LR				305			-59			409				19  
	109			LR				274			-198			471				19  
	110			RR				529			-235			432				19  
	111			LR				423			-138			369				19  
	112			LL				265			122			418				20  
	113			LL				978			21			746				20  
	114			LL				555			79			435				20  
	115			RR				787			-68			446				19  
	116			RL				258			45			488				20  
	117			RL				708			38			343				20  
	118			RR				459			-171			714				19  
	119			RR				624			-274			426				19  
	120			LR				381			-264			424				19  
	121			RL				239			84			415				20  
	122			RL				625			100			395				20  
	123			RL				969			140			417				20  
	124			LL				229			157			545				20  
	125			RR				450			-104			384				19  
	126			RR				641			-266			380				19  
	127			RL				767			171			438				20  
	128			RR				876			-114			327				19  
	129			LR				557			-84			402				19  
	130			RL				525			171			466				20  
	131			RL				464			53			403				20  
	132			LL				700			244			381				20  
	133			LL				982			141			375				20  
	134			LL				574			165			476				20  
	135			RL				214			113			577				20  
	136			LL				507			83			473				20  
	137			RR				453			-234			537				19  
	138			RL				934			191			423				20  
	139			LL				455			15			535				20  
	140			LR				691			-190			512				19  
	141			RR				372			-93			496				19  
	142			LR				520			-148			439				19  
	143			LR				403			-191			372				19  
	144			RR				798			-246			437				19  
	145			RR				461			-104			405				19  
	146			LR				779			-120			364				19  
	147			RL				212			53			516				20  
	148			RL				866			228			428				20  
	149			RR				603			-244			633				19  
	150			LR				647			-91			573				19  
	151			RL				379			33			447				20  
	152			LL				640			153			441				20  
	153			LR				254			-267			399				19  
	154			LL				791			229			382				20  
	155			LR				680			-196			401				19  
	156			LL				973			273			447				20  
	157			LL				510			155			745				20  
	158			RR				660			-13			421				19  
	159			LR				498			-248			508				19  
	160			LL				383			88			514				20  
	161			LL				640			274			411				20  
	162			RR				733			-4			469				19  
	163			RR				363			-92			444				19  
	164			RL				312			108			433				20  
	165			LL				955			218			402				20  
	166			LL				705			249			377				20  
	167			RL				671			284			531				20  
	168			LL				304			272			431				20  
	169			RL				341			118			373				20  
	170			RL				237			124			508				20  
	171			LR				484			-194			445				19  
	172			RR				453			-135			535				19  
	173			LL				465			96			770				20  
	174			LR				724			-268			449				19  
	175			LL				229			40			635				20  
	176			RR				840			-88			486				19  
	177			LR				738			-248			466				19  
	178			RL				735			0			652				20  
	179			RR				697			-144			536				19  
	180			RR				228			-69			454				19  
	181			LL				576			151			444				20  
	182			LR				319			-138			365				19  
	183			RR				698			-183			383				19  
	184			LR				968			-268			419				19  
	185			RL				920			52			743				20  
	186			LR				233			-16			787				19  
	187			RR				482			-149			448				19  
	188			RL				376			33			368				20  
	189			LR				377			-254			368				19  
	190			LR				783			-203			420				19  
	191			RR				977			-253			458				19  
	192			RR				601			-108			405				19  
	193			RL				987			58			420				20  
	194			RL				700			195			504				20  
	195			LR				652			-57			399				19  
	196			LR				798			-148			575				19  
	197			RR				845			-145			435				19  
	198			LL				463			48			679				20  
	199			LR				558			-128			402				19  
