

#! index		TrType			CTOA		CTD			RT		KeyPressed
	0			LR				451			-85			349				19  
	1			LL				610			24			313				20  
	2			LR				459			-186			341				19  
	3			LL				432			204			369				20  
	4			RR				237			-20			379				19  
	5			RR				321			-236			312				19  
	6			LL				441			232			420				20  
	7			LL				571			231			312				20  
	8			LR				778			-85			358				19  
	9			RR				282			-73			457				19  
	10			LR				261			-156			417				19  
	11			RR				441			-205			513				19  
	12			LR				493			-10			416				19  
	13			RR				285			-74			361				19  
	14			RR				715			-62			423				19  
	15			LL				758			59			348				20  
	16			LR				654			-85			329				19  
	17			LL				541			132			383				20  
	18			LL				428			275			372				20  
	19			LL				608			243			315				20  
	20			LR				763			-45			426				19  
	21			RL				492			43			491				20  
	22			LL				323			164			417				20  
	23			LR				345			-110			332				19  
	24			LL				501			74			407				20  
	25			LL				633			96			321				20  
	26			RR				758			-232			349				19  
	27			LR				338			-260			388				19  
	28			RR				615			-277			415				19  
	29			RL				592			48			331				20  
	30			LR				503			-134			297				19  
	31			RR				599			-49			508				19  
	32			LL				690			105			263				20  
	33			LR				435			-201			335				19  
	34			RR				668			-256			347				19  
	35			RL				224			6			508				20  
	36			RL				426			258			314				20  
	37			RR				314			-101			471				19  
	38			LR				261			-53			355				19  
	39			LL				243			200			434				20  
	40			RL				344			43			455				20  
	41			LR				626			-25			297				19  
	42			LL				730			67			438				20  
	43			RL				351			178			358				20  
	44			LR				773			-146			334				19  
	45			LR				712			-35			272				19  
	46			RL				726			191			534				20  
	47			RR				669			-126			376				19  
	48			RR				283			-260			395				19  
	49			LL				396			8			373				20  
	50			LR				216			-188			358				19  
	51			LL				307			271			369				20  
	52			RR				362			-16			378				19  
	53			LL				503			160			358				20  
	54			LL				276			240			372				20  
	55			RR				584			-47			338				19  
	56			RR				660			-247			341				19  
	57			RL				461			217			401				20  
	58			RR				727			-215			655				19  
	59			LL				673			234			372				20  
	60			LL				692			36			385				20  
	61			LR				486			-41			344				19  
	62			RL				456			13			344				20  
	63			LL				491			57			461				20  
	64			LL				227			89			449				20  
	65			RR				732			-79			558				19  
	66			RL				232			34			475				20  
	67			LL				752			213			445				20  
	68			RR				607			-145			438				19  
	69			RL				459			170			434				20  
	70			RL				350			204			378				20  
	71			LL				426			2			497				20  
	72			LR				512			-165			381				19  
	73			RR				540			-185			290				19  
	74			RR				661			-242			293				19  
	75			RR				248			-197			459				19  
	76			RR				415			-85			402				19  
	77			RR				488			-98			343				19  
	78			RL				335			76			435				20  
	79			RR				639			-280			300				19  
	80			LL				397			147			373				20  
	81			RL				226			150			447				20  
	82			LL				232			276			355				20  
	83			RL				578			254			406				20  
	84			LR				367			-245			463				19  
	85			RL				277			205			402				20  
	86			RR				691			-180			283				19  
	87			LR				270			-132			409				19  
	88			RL				476			278			567				20  
	89			LR				637			-262			317				19  
	90			RL				626			32			419				20  
	91			RL				335			196			344				20  
	92			RL				651			223			331				20  
	93			LR				630			-126			293				19  
	94			RL				564			249			327				20  
	95			RR				480			-110			535				19  
	96			RL				311			73			367				20  
	97			RL				689			174			265				20  
	98			LL				368			53			371				20  
	99			RR				353			-142			355				19  
	100			RL				304			39			435				20  
	101			RR				373			-234			457				19  
	102			RL				786			159			351				20  
	103			LR				654			-265			300				19  
	104			RR				320			-164			541				19  
	105			LR				244			-100			372				19  
	106			RL				475			271			325				20  
	107			LR				629			-189			325				19  
	108			RL				395			238			313				20  
	109			RR				508			-211			354				19  
	110			LL				206			101			386				20  
	111			LR				289			-55			328				19  
	112			LR				781			-225			264				19  
	113			LL				516			28			346				20  
	114			LR				473			-5			418				19  
	115			LR				219			-115			293				19  
	116			RR				430			-279			462				19  
	117			RL				399			104			310				20  
	118			RR				796			-9			401				19  
	119			LR				697			-273			317				19  
	120			LR				541			-15			352				19  
	121			RL				754			126			291				20  
	122			RL				271			231			315				20  
	123			LL				745			266			361				20  
	124			RL				205			72			469				20  
	125			RL				216			186			386				20  
	126			RR				458			-145			303				19  
	127			LR				443			-23			418				19  
	128			LR				662			-280			414				19  
	129			LL				681			112			416				20  
	130			RL				655			234			359				20  
	131			RL				688			111			358				20  
	132			RL				354			266			436				20  
	133			RL				239			0			378				20  
	134			RL				798			151			276				20  
	135			RL				351			24			327				20  
	136			LL				743			8			395				20  
	137			LR				448			-86			320				19  
	138			LR				497			-163			273				19  
	139			LL				486			190			436				20  
	140			RR				723			-95			293				19  
	141			RL				615			263			613				20  
	142			RR				249			-180			367				19  
	143			RR				209			-71			373				19  
	144			RR				211			-250			508				19  
	145			LL				528			151			303				20  
	146			LL				580			175			281				20  
	147			RL				597			29			378				20  
	148			LL				778			104			512				20  
	149			RL				521			122			401				20  
	150			LR				321			-71			296				19  
	151			LL				521			253			111				19  
	152			LL				475			223			325				20  
	153			LL				254			212			424				20  
	154			LL				404			200			335				20  
	155			RL				331			261			36				19  
	156			LR				649			-8			308				19  
	157			LL				417			159			445				20  
	158			RR				480			-167			474				19  
	159			RL				698			25			408				20  
	160			RL				355			134			354				20  
	161			LR				506			-154			324				19  
	162			RL				438			197			394				20  
	163			RR				307			-246			340				19  
	164			LL				753			14			354				20  
	165			LR				574			-225			318				19  
	166			LL				522			45			461				20  
	167			LR				539			-55			353				19  
	168			RR				275			-54			433				19  
	169			RR				626			-207			481				19  
	170			LL				681			132			303				20  
	171			RL				362			209			408				20  
	172			RR				685			-133			298				19  
	173			LL				501			82			330				20  
	174			LL				418			128			382				20  
	175			RL				448			238			413				20  
	176			LL				320			275			389				20  
	177			RR				415			-130			262				19  
	178			RR				531			-118			331				19  
	179			RL				645			59			369				20  
	180			LR				480			-73			352				19  
	181			RL				758			233			51				20  
	182			RL				598			222			253				20  
	183			LL				277			261			400				20  
	184			LR				450			-279			1024				19  
	185			RR				720			-189			387				19  
	186			RR				620			-252			394				19  
	187			LR				598			-192			386				19  
	188			RR				272			-167			437				19  
	189			RL				521			60			309				20  
	190			LL				645			182			309				20  
	191			LL				200			96			448				20  
	192			RL				691			242			384				20  
	193			RR				557			-245			305				19  
	194			LR				505			-66			417				19  
	195			LL				491			5			402				20  
	196			RR				288			-2			420				19  
	197			LR				219			-102			324				19  
	198			RL				623			73			330				20  
	199			LL				375			257			394				20  
	200			RR				502			-3			480				19  
	201			RR				286			-15			331				19  
	202			RL				489			217			423				20  
	203			LR				397			-170			343				19  
	204			RR				312			-242			457				19  
	205			LR				450			-276			304				19  
	206			LR				462			-225			337				19  
	207			LR				467			-77			334				19  
	208			LL				681			250			394				20  
	209			LR				236			-4			412				19  
	210			RR				776			-257			300				19  
	211			LL				784			224			291				20  
	212			RL				216			139			479				20  
	213			RR				673			-224			462				19  
	214			LL				430			169			494				20  
	215			RL				339			253			307				20  
	216			RR				319			-93			360				19  
	217			LR				792			-228			349				19  
	218			LL				355			278			435				20  
	219			LR				281			-127			353				19  
	220			LL				291			119			416				20  
	221			LL				231			153			448				20  
	222			LL				702			39			342				20  
	223			LL				394			20			560				20  
	224			LR				264			-53			414				19  
	225			RL				619			207			386				20  
	226			RR				550			-199			402				19  
	227			RR				745			-33			392				19  
	228			LL				624			97			147				20  
	229			LL				609			178			343				20  
	230			LR				276			-248			637				19  
	231			LR				527			-25			365				19  
	232			LR				250			-95			489				19  
	233			RL				334			105			375				20  
	234			RL				376			226			332				20  
	235			LR				489			-126			342				19  
	236			RR				324			-83			415				19  
	237			RR				743			-37			334				19  
	238			RL				213			64			385				20  
	239			LR				418			-130			107				19  
	240			LR				792			-240			253				19  
	241			RR				713			-79			241				19  
	242			LL				766			156			370				20  
	243			LR				367			-41			311				19  
	244			RL				589			243			395				20  
	245			LL				463			72			368				20  
	246			LR				728			-69			317				19  
	247			LL				304			40			404				20  
	248			LL				382			213			327				20  
	249			RL				517			9			283				20  
