

#! index		TrType			CTOA		CTD			RT		KeyPressed
	0			RL				562			172			453				19  
	1			RR				469			-102			363				19  
	2			RL				216			110			416				20  
	3			LR				739			-79			307				19  
	4			RL				558			186			365				20  
	5			LL				762			88			345				20  
	6			RR				334			-88			497				19  
	7			RL				339			163			434				20  
	8			LR				586			-37			366				19  
	9			RR				238			-125			316				19  
	10			RL				238			38			400				20  
	11			LL				600			264			324				20  
	12			LL				216			175			417				20  
	13			RR				448			-16			323				19  
	14			RL				614			185			340				20  
	15			LR				405			-200			395				19  
	16			RL				590			184			395				20  
	17			RR				775			-77			291				19  
	18			RL				519			152			451				20  
	19			RL				597			144			327				20  
	20			RL				260			23			418				20  
	21			LR				341			-30			492				19  
	22			LR				297			-44			380				19  
	23			RR				664			-30			413				19  
	24			RL				700			187			344				20  
	25			RR				489			-39			404				19  
	26			RL				310			241			398				20  
	27			LR				697			-224			350				19  
	28			RR				259			-105			359				19  
	29			RL				579			4			313				20  
	30			RR				282			-207			398				19  
	31			RR				330			-29			348				19  
	32			LL				393			146			378				20  
	33			RR				488			-94			312				19  
	34			RR				552			-241			281				19  
	35			LL				345			199			332				20  
	36			LR				428			-57			343				19  
	37			LR				335			-190			374				19  
	38			LR				206			-189			418				19  
	39			RR				427			-91			405				19  
	40			LL				436			22			579				20  
	41			LR				272			-21			437				19  
	42			RL				335			66			467				20  
	43			LL				642			46			433				20  
	44			RL				240			265			409				20  
	45			RR				746			-49			361				19  
	46			LR				564			-173			344				19  
	47			RL				685			247			392				20  
	48			RL				485			64			437				20  
	49			RR				283			-61			397				19  
	50			LR				475			-98			326				19  
	51			LR				523			-197			339				19  
	52			RL				568			103			295				20  
	53			LR				707			-146			307				19  
	54			RL				204			70			419				20  
	55			LR				760			-65			254				19  
	56			LL				265			167			475				20  
	57			RR				628			-49			327				19  
	58			LR				548			-220			314				19  
	59			LR				682			-214			364				19  
	60			RR				212			-34			479				19  
	61			LR				419			-175			260				19  
	62			LL				233			95			568				20  
	63			RR				450			-225			351				19  
	64			RR				756			-89			413				19  
	65			RR				305			-213			525				19  
	66			RR				442			-226			359				19  
	67			RL				794			183			467				20  
	68			LR				298			-277			380				19  
	69			LL				761			124			408				20  
	70			LL				610			103			404				20  
	71			LR				682			-236			363				19  
	72			RL				451			259			412				20  
	73			RR				651			-238			333				19  
	74			RR				524			-218			369				19  
	75			LL				712			180			335				20  
	76			LR				561			-173			362				19  
	77			LR				435			-84			397				19  
	78			RL				221			161			476				20  
	79			RL				203			182			501				20  
	80			LL				465			210			763				20  
	81			LL				683			56			364				20  
	82			LR				580			-204			375				19  
	83			LL				524			185			307				20  
	84			RL				424			146			561				20  
	85			RL				282			157			548				20  
	86			LL				660			284			326				20  
	87			RL				423			122			348				20  
	88			RL				600			6			354				20  
	89			RL				339			159			340				20  
	90			LL				723			220			353				20  
	91			RR				564			-226			635				19  
	92			RL				682			66			365				20  
	93			LL				510			120			321				20  
	94			LR				300			-44			440				19  
	95			RL				607			211			307				20  
	96			LR				338			-265			372				19  
	97			RL				335			145			374				20  
	98			LR				591			-35			333				19  
	99			RL				605			213			286				20  
	100			LR				339			-232			340				19  
	101			LL				203			194			387				20  
	102			RR				678			-52			399				19  
	103			LR				218			-65			419				19  
	104			RL				471			184			269				20  
	105			LL				564			57			451				20  
	106			LR				408			-150			455				19  
	107			RL				365			63			406				20  
	108			LR				671			-168			589				19  
	109			LL				747			53			453				20  
	110			LR				595			-187			328				19  
	111			LR				482			-209			380				19  
	112			LL				290			175			419				20  
	113			LL				401			4			360				20  
	114			RL				538			166			386				20  
	115			LL				326			236			383				20  
	116			RL				448			86			385				20  
	117			RR				763			-1			404				19  
	118			RL				297			103			352				20  
	119			LR				651			-112			364				19  
	120			LL				762			188			315				20  
	121			RL				556			265			419				20  
	122			RR				397			-285			425				19  
	123			LL				766			27			327				20  
	124			RL				774			185			394				20  
	125			RR				523			-230			339				19  
	126			LR				419			-89			352				19  
	127			LL				601			27			353				20  
	128			LR				605			-190			380				19  
	129			LL				222			42			541				20  
	130			LL				459			82			587				20  
	131			RL				254			257			395				20  
	132			LL				211			189			407				20  
	133			RR				210			-217			450				19  
	134			RR				268			-121			351				19  
	135			LR				657			-85			389				19  
	136			RR				541			-167			551				19  
	137			LR				730			-232			408				19  
	138			LL				788			57			411				20  
	139			LL				588			98			365				20  
	140			RL				676			121			432				20  
	141			RL				250			28			520				20  
	142			RL				790			29			409				20  
	143			RR				587			-14			460				19  
	144			RR				444			-273			357				19  
	145			RL				699			114			376				20  
	146			LL				278			60			492				20  
	147			LL				629			197			386				20  
	148			LL				516			241			408				20  
	149			RL				638			10			438				20  
	150			RL				244			189			446				20  
	151			RL				499			107			425				20  
	152			RL				559			31			363				20  
	153			LL				621			246			425				20  
	154			RL				651			208			333				20  
	155			LR				625			-101			441				19  
	156			RL				266			158			399				20  
	157			LR				392			-181			378				20  
	158			RR				206			-199			419				19  
	159			RL				712			116			395				20  
	160			RL				735			260			433				20  
	161			LL				532			141			729				20  
	162			RL				758			18			471				20  
	163			LR				225			-80			478				19  
	164			LL				742			259			853				20  
	165			RR				579			-104			345				19  
	166			LL				793			272			313				20  
	167			LR				525			-73			399				19  
	168			LR				306			-25			434				19  
	169			LL				725			185			321				20  
	170			LL				368			81			311				20  
	171			RL				314			120			396				20  
	172			RL				611			43			281				20  
	173			RL				651			168			396				20  
	174			RL				221			221			420				20  
	175			LL				765			192			311				20  
	176			LL				384			194			388				20  
	177			RL				356			2			506				20  
	178			RR				510			-99			597				19  
	179			RL				562			155			362				20  
	180			LL				352			180			357				20  
	181			LL				523			77			401				20  
	182			RR				774			-241			395				19  
	183			RL				266			130			444				20  
	184			RL				619			278			364				20  
	185			RL				484			35			441				20  
	186			RR				288			-74			474				19  
	187			LL				696			269			319				20  
	188			RL				702			229			364				20  
	189			LR				312			-154			366				19  
	190			RL				638			158			347				20  
	191			LL				417			217			415				20  
	192			LL				580			187			404				20  
	193			LL				486			86			316				20  
	194			RR				759			-281			317				19  
	195			LR				743			-174			487				19  
	196			LR				217			-155			480				19  
	197			LR				374			-211			397				19  
	198			LL				340			128			431				20  
	199			LR				222			-219			386				19  
	200			LL				545			96			346				20  
	201			LR				278			-126			387				19  
	202			LL				736			145			341				20  
	203			RL				529			196			425				20  
	204			LR				711			-161			396				19  
	205			LR				702			-261			405				19  
	206			LR				468			-118			393				19  
	207			RL				795			211			343				20  
	208			RR				638			-258			376				19  
	209			RR				308			-72			463				19  
	210			RL				768			96			371				20  
	211			RL				369			224			369				20  
	212			RL				636			246			380				20  
	213			LL				342			119			368				20  
	214			RR				754			-259			506				19  
	215			RR				493			-86			417				19  
	216			LR				441			-208			390				19  
	217			LR				689			-126			388				19  
	218			RR				533			-112			451				19  
	219			LL				475			109			358				20  
	220			LL				628			270			358				20  
	221			LR				231			-183			447				19  
	222			LL				701			66			376				20  
	223			LR				619			-105			366				19  
	224			LR				270			-103			348				19  
	225			RR				215			-54			418				19  
	226			LL				397			132			436				20  
	227			LL				233			209			323				20  
	228			RL				500			209			485				20  
	229			LL				736			260			310				20  
	230			RL				365			10			436				20  
	231			RR				333			-127			408				19  
	232			RL				719			166			387				20  
	233			LR				258			-273			530				19  
	234			LR				480			-73			382				19  
	235			LR				697			-12			655				19  
	236			RR				210			-66			510				19  
	237			RR				489			-68			373				19  
	238			LR				329			-228			381				19  
	239			LL				767			234			361				20  
	240			RL				713			158			395				20  
	241			RL				736			97			494				20  
	242			RL				404			275			427				20  
	243			RL				754			81			446				20  
	244			LL				729			207			347				20  
	245			LL				283			54			448				20  
	246			LL				308			281			392				20  
	247			RL				448			238			384				20  
	248			RL				591			53			425				20  
	249			RL				471			123			390				20  
