

#! index		TrType			CTOA		CTD			RT		KeyPressed
	0			RL				454			15			565				19  
	1			LR				580			-39			562				19  
	2			LL				533			58			546				20  
	3			RL				473			272			393				20  
	4			LR				522			-3			406				19  
	5			LL				344			48			520				20  
	6			LR				577			-283			442				19  
	7			RR				572			-25			538				19  
	8			LL				282			29			450				20  
	9			LR				433			-149			434				19  
	10			RR				467			-40			444				19  
	11			LR				500			-155			366				19  
	12			LL				583			208			435				20  
	13			RL				705			119			335				20  
	14			LL				677			253			372				20  
	15			LR				684			-266			395				19  
	16			RR				787			-116			355				19  
	17			RL				782			112			420				20  
	18			RL				236			128			415				20  
	19			LL				297			255			376				20  
	20			RL				612			216			345				20  
	21			LL				697			73			444				20  
	22			RL				424			89			380				20  
	23			LR				261			-235			513				19  
	24			LR				512			-249			384				19  
	25			LL				443			46			361				20  
	26			LL				402			22			372				20  
	27			LL				646			176			464				20  
	28			LL				282			83			340				20  
	29			LR				553			-102			466				19  
	30			RR				488			-247			439				19  
	31			RR				343			-251			430				19  
	32			LL				498			151			398				20  
	33			LR				686			-6			486				19  
	34			RR				580			-88			439				19  
	35			LL				504			116			393				20  
	36			RL				601			138			418				20  
	37			LR				648			-152			462				19  
	38			LR				419			-183			1303				19  
	39			LL				594			261			731				20  
	40			LR				208			-249			725				19  
	41			RL				728			188			504				20  
	42			LL				655			235			578				20  
	43			LL				372			25			341				20  
	44			RL				385			250			327				20  
	45			LL				571			19			448				20  
	46			RR				216			-170			482				19  
	47			RL				506			249			360				20  
	48			RR				225			-81			451				19  
	49			RL				610			81			377				20  
	50			RL				558			219			368				20  
	51			RL				481			139			354				20  
	52			LR				277			-201			467				19  
	53			RL				771			209			340				20  
	54			RR				224			-112			512				19  
	55			LR				750			-160			512				19  
	56			RL				791			114			351				20  
	57			LL				549			282			378				20  
	58			LL				473			269			382				20  
	59			RL				643			157			314				20  
	60			LR				214			-50			390				19  
	61			RR				674			-195			650				19  
	62			RR				365			-271			470				19  
	63			RR				788			-143			384				19  
	64			RR				626			-104			392				19  
	65			RR				262			-242			420				19  
	66			RR				600			-102			389				19  
	67			LR				241			-108			409				19  
	68			RR				234			-127			449				19  
	69			RL				799			55			463				20  
	70			RL				530			153			795				20  
	71			LR				636			-100			353				19  
	72			RL				445			84			375				20  
	73			RL				414			54			329				20  
	74			LR				716			-36			364				19  
	75			RL				336			280			345				20  
	76			LL				245			234			377				20  
	77			LL				461			69			363				20  
	78			LR				689			-34			361				19  
	79			LR				356			-211			479				19  
	80			RR				472			-108			424				19  
	81			RL				795			231			438				20  
	82			RR				406			-148			580				19  
	83			LR				582			-59			376				19  
	84			LL				696			173			383				20  
	85			LR				772			-31			431				19  
	86			RL				760			80			398				20  
	87			RR				652			-149			426				19  
	88			RR				797			-234			436				19  
	89			LL				270			33			433				20  
	90			LR				713			-276			458				19  
	91			LR				340			-155			403				19  
	92			RR				227			-151			406				19  
	93			LR				539			-249			358				19  
	94			LR				663			-21			418				19  
	95			LL				428			145			498				20  
	96			LL				494			4			403				20  
	97			RR				664			-274			405				19  
	98			RR				377			-205			366				19  
	99			LL				269			211			353				20  
	100			RR				340			-61			587				19  
	101			LL				320			194			333				20  
	102			LL				646			140			341				20  
	103			RL				363			268			381				20  
	104			RL				286			61			335				20  
	105			RR				332			-126			382				19  
	106			LR				637			-173			351				19  
	107			LL				646			149			373				20  
	108			LR				622			-124			367				19  
	109			RL				453			133			413				20  
	110			RR				297			-100			406				19  
	111			RR				426			-134			348				19  
	112			RL				235			182			418				20  
	113			LL				530			105			335				20  
	114			LL				494			249			312				20  
	115			LR				623			-216			394				19  
	116			LL				289			37			393				20  
	117			RR				653			-80			366				19  
	118			RL				367			207			345				20  
	119			RR				628			-82			320				19  
	120			LL				308			24			405				20  
	121			RL				518			23			471				20  
	122			RL				201			234			565				20  
	123			LL				584			238			516				20  
	124			RL				205			283			514				20  
	125			LR				729			-105			458				19  
	126			LR				583			-135			437				19  
	127			LL				662			92			465				20  
	128			RL				231			251			420				20  
	129			LL				667			244			384				20  
	130			LR				240			-284			503				19  
	131			RR				290			-146			485				19  
	132			RR				339			-25			1046				19  
	133			RL				232			61			405				20  
	134			RL				733			237			378				20  
	135			LR				727			-43			413				19  
	136			LL				347			178			518				20  
	137			RR				631			-243			327				19  
	138			RR				226			-102			481				19  
	139			RL				753			165			420				20  
	140			RR				667			-279			443				19  
	141			RR				665			-260			354				19  
	142			LL				372			241			342				20  
	143			LL				425			120			339				20  
	144			LL				553			1			436				20  
	145			RR				451			-134			445				19  
	146			LL				543			164			752				20  
	147			RR				317			-129			580				19  
	148			RR				229			-108			358				19  
	149			RR				443			-24			423				19  
	150			RL				790			245			473				20  
	151			LR				777			-224			394				19  
	152			RR				723			-269			570				19  
	153			LL				630			44			451				20  
	154			RL				282			73			370				20  
	155			LL				285			67			342				20  
	156			RL				567			131			360				20  
	157			RR				313			-116			370				19  
	158			RR				583			-112			436				19  
	159			LR				211			-87			1430				19  
	160			LR				262			-285			1246				19  
	161			LR				778			-133			425				19  
	162			LL				649			63			584				20  
	163			RR				614			-101			589				19  
	164			LL				708			21			356				20  
	165			LL				261			61			422				20  
	166			RR				403			-265			387				19  
	167			RR				679			-238			737				19  
	168			RL				323			226			452				20  
	169			RL				560			44			459				20  
	170			RL				744			144			397				20  
	171			RL				743			233			398				20  
	172			LR				423			-285			657				19  
	173			LL				556			257			463				20  
	174			RR				768			-269			464				19  
	175			LL				213			34			421				20  
	176			LR				341			-262			433				19  
	177			LL				298			257			445				20  
	178			LR				799			-149			435				19  
	179			LL				675			46			426				20  
	180			RR				768			-260			434				19  
	181			RR				470			-177			396				19  
	182			LL				359			22			446				20  
	183			RR				359			-66			416				19  
	184			RR				300			-65			351				19  
	185			RR				264			-94			358				19  
	186			LL				337			220			406				20  
	187			LL				287			2			397				20  
	188			LL				227			130			359				20  
	189			RR				540			-143			387				19  
	190			RR				638			-130			336				19  
	191			LR				584			-89			466				19  
	192			RL				357			156			477				20  
	193			RR				405			-106			369				19  
	194			LL				543			41			374				20  
	195			LL				681			269			368				20  
	196			LR				278			-278			406				19  
	197			RL				740			48			431				20  
	198			RL				746			104			364				20  
	199			LL				418			100			469				20  
	200			RR				719			-81			636				19  
	201			RL				392			191			442				20  
	202			RR				581			-92			500				20  
	203			LL				309			68			373				20  
	204			RL				532			92			456				20  
	205			RL				620			147			368				20  
	206			RL				585			267			343				20  
	207			RL				569			143			359				20  
	208			LR				670			-33			318				19  
	209			RR				288			-84			517				19  
	210			RL				499			59			367				20  
	211			LL				669			217			412				20  
	212			RL				471			164			366				20  
	213			RR				664			-208			507				19  
	214			LR				208			-131			390				19  
	215			LL				402			283			432				20  
	216			RL				711			187			309				20  
	217			LR				672			-62			438				19  
	218			LL				374			197			400				20  
	219			LR				444			-151			423				19  
	220			RR				622			-67			365				19  
	221			RL				746			74			396				20  
	222			LL				602			264			355				20  
	223			RR				346			-219			366				19  
	224			RR				785			-47			386				19  
	225			LL				461			75			466				20  
	226			RR				456			-1			410				19  
	227			RR				248			-103			419				19  
	228			LL				379			143			320				20  
	229			LR				795			-225			438				19  
	230			LL				514			164			352				20  
	231			LL				655			41			363				20  
	232			RR				212			-47			513				19  
	233			LL				767			275			317				20  
	234			RR				627			-221			390				19  
	235			LR				726			-263			414				19  
	236			RR				285			-263			460				19  
	237			RR				288			-202			424				19  
	238			LL				504			224			393				20  
	239			LL				204			77			543				20  
	240			RR				677			-131			343				19  
	241			RL				422			159			399				20  
	242			RL				508			94			388				20  
	243			LR				608			-98			565				19  
	244			LL				586			95			432				20  
	245			LL				451			217			354				20  
	246			LL				403			175			372				20  
	247			LR				356			-156			449				19  
	248			RR				780			-223			392				19  
	249			RR				652			-2			367				19  
