

#! index		TrType			CTOA		CTD			RT		KeyPressed
	0			RR				734			-87			290				19  
	1			RR				551			-33			505				19  
	2			LL				329			54			419				20  
	3			RL				806			10			310				20  
	4			RR				547			-168			294				19  
	5			LR				548			-209			323				19  
	6			RL				298			30			315				20  
	7			LR				749			-30			275				19  
	8			RL				314			81			374				20  
	9			LL				843			159			273				20  
	10			RL				217			144			337				20  
	11			LL				462			124			317				20  
	12			LR				556			-188			286				19  
	13			LL				709			106			344				20  
	14			RL				740			48			378				20  
	15			RR				412			-147			368				19  
	16			LL				998			15			301				20  
	17			RR				283			-104			314				19  
	18			RR				368			-13			350				19  
	19			RL				597			36			305				20  
	20			RR				243			-250			354				19  
	21			LL				646			18			316				20  
	22			RL				993			118			277				20  
	23			LL				722			148			271				20  
	24			RR				218			-17			428				19  
	25			LL				353			11			364				20  
	26			LL				766			40			473				20  
	27			LL				810			265			305				20  
	28			LR				302			-246			293				19  
	29			RR				340			-170			348				19  
	30			RR				441			-101			338				19  
	31			RL				341			126			287				20  
	32			RL				392			278			263				20  
	33			LL				722			40			354				20  
	34			LL				338			282			349				20  
	35			LR				388			-27			300				19  
	36			LL				420			59			359				20  
	37			RR				533			-120			309				19  
	38			RR				477			-241			301				19  
	39			LL				365			218			293				20  
	40			LR				842			-210			334				19  
	41			RL				326			77			302				20  
	42			RR				678			-226			314				19  
	43			RL				657			277			276				20  
	44			RL				771			48			284				20  
	45			RR				761			-160			355				19  
	46			LL				839			189			339				20  
	47			RL				205			150			395				20  
	48			RR				541			-147			332				19  
	49			LL				416			195			379				20  
	50			RR				227			-43			366				19  
	51			LL				816			228			331				20  
	52			RR				232			-195			301				19  
	53			LR				867			-63			342				19  
	54			LL				843			267			333				20  
	55			RL				979			252			261				20  
	56			RL				629			30			334				20  
	57			RL				359			213			329				20  
	58			RR				779			-209			339				19  
	59			LL				392			264			357				20  
	60			LR				939			-263			330				19  
	61			LL				261			21			427				20  
	62			LL				900			237			308				20  
	63			RR				648			-44			331				19  
	64			RL				826			55			290				20  
	65			RL				775			267			311				20  
	66			LL				681			136			495				20  
	67			LR				766			-7			319				19  
	68			LL				562			285			308				20  
	69			LR				348			-69			341				19  
	70			LR				289			-149			307				19  
	71			LR				227			-163			336				19  
	72			LR				288			-188			277				19  
	73			RR				952			-167			348				19  
	74			RL				276			89			290				20  
	75			LR				432			-4			286				19  
	76			RR				381			-72			337				19  
	77			RL				762			198			262				20  
	78			LL				782			244			364				20  
	79			LR				781			-74			303				19  
	80			LR				975			-168			295				19  
	81			LR				592			-284			279				19  
	82			RL				248			79			378				20  
	83			LR				777			-34			370				19  
	84			RL				444			212			274				20  
	85			RR				694			-25			300				19  
	86			LL				706			9			348				20  
	87			RR				910			-196			283				19  
	88			RL				664			227			299				20  
	89			LR				549			-25			351				19  
	90			LL				757			140			360				20  
	91			RL				428			265			322				20  
	92			RR				424			-136			354				19  
	93			RL				645			276			319				20  
	94			RR				740			-158			252				19  
	95			LR				536			-122			305				19  
	96			LL				607			151			327				20  
	97			RR				635			-96			297				19  
	98			RL				386			248			333				20  
	99			RR				222			-37			426				19  
	100			RL				292			102			303				20  
	101			RR				686			-22			400				19  
	102			LL				630			246			289				20  
	103			RR				213			-104			396				19  
	104			LR				987			-49			344				19  
	105			RR				630			-171			301				19  
	106			LR				973			-188			329				19  
	107			RR				597			-173			336				19  
	108			LL				866			37			341				20  
	109			LL				761			27			355				20  
	110			LR				865			-216			251				19  
	111			RR				352			-201			305				19  
	112			LR				416			-266			363				19  
	113			LR				305			-204			291				19  
	114			LR				597			-49			305				19  
	115			RR				735			-15			321				19  
	116			RR				415			-127			303				19  
	117			LR				942			-108			297				19  
	118			LR				626			-156			275				19  
	119			RR				732			-211			262				19  
	120			RR				810			-14			306				19  
	121			LL				616			277			271				20  
	122			LR				379			-121			295				19  
	123			LR				323			-256			304				19  
	124			RR				895			-101			268				19  
	125			RL				234			99			331				20  
	126			RR				277			-88			350				19  
	127			RR				633			-219			269				19  
	128			LR				936			-16			238				19  
	129			RR				573			-15			299				19  
	130			RL				366			251			289				20  
	131			LR				406			-255			250				19  
	132			LR				382			-52			276				19  
	133			RL				722			171			304				20  
	134			RL				640			147			292				20  
	135			RL				923			29			276				20  
	136			RL				403			273			284				20  
	137			LL				651			210			220				19  
	138			LL				466			14			375				20  
	139			RL				513			9			328				20  
	140			RR				556			-221			347				19  
	141			LL				458			10			321				20  
	142			LR				374			-150			284				19  
	143			RR				519			-48			307				19  
	144			LR				200			-194			304				19  
	145			LR				614			-67			259				19  
	146			RL				695			253			299				20  
	147			LL				660			23			333				20  
	148			RL				450			56			330				20  
	149			RR				491			-222			319				19  
	150			LR				516			-162			326				19  
	151			RL				336			176			321				20  
	152			RR				366			-255			353				19  
	153			LR				786			-235			314				19  
	154			LR				921			-86			289				19  
	155			RR				665			-196			298				19  
	156			LR				852			-92			249				19  
	157			LL				761			150			387				20  
	158			LR				826			-17			352				19  
	159			RL				982			283			317				20  
	160			LL				805			104			372				20  
	161			LR				460			-17			413				19  
	162			LR				954			-278			253				19  
	163			LL				868			82			400				20  
	164			LL				726			173			360				20  
	165			RL				967			125			262				20  
	166			RL				715			254			308				20  
	167			LL				974			262			296				20  
	168			RR				596			-74			490				19  
	169			RR				646			-275			346				19  
	170			RL				639			18			340				20  
	171			LL				931			96			307				20  
	172			RR				979			-232			321				19  
	173			RR				960			-7			400				19  
	174			LR				392			-40			297				19  
	175			LR				876			-239			317				19  
	176			LL				427			99			414				20  
	177			LL				340			160			348				20  
	178			RL				275			159			351				20  
	179			LL				483			152			328				20  
	180			RL				454			75			347				20  
	181			RL				506			91			274				20  
	182			RL				775			91			279				20  
	183			RL				626			44			235				20  
	184			RL				648			186			253				20  
	185			RL				760			29			327				20  
	186			RR				629			-57			411				19  
	187			LL				907			76			351				20  
	188			LL				556			237			348				20  
	189			RL				202			271			335				20  
	190			RR				627			-177			337				19  
	191			LL				839			57			340				20  
	192			RR				296			-217			330				19  
	193			LR				553			-76			319				19  
	194			LL				679			4			406				20  
	195			RL				400			174			350				20  
	196			LR				483			-139			312				19  
	197			LL				644			154			352				20  
	198			RL				859			196			319				20  
	199			RL				722			53			332				20  
