

#! index		TrOrder		TrType			CTOA		CTD			RT		KeyPressed
	0			12			LL			200			0			415				20  
	1			17			LR			200			0			424				19  
	2			1			RL			200			0			813				20  
	3			18			RR			200			0			395				19  
	4			27			LL			200			286			302				20  
	5			7			LR			200			0			472				19  
	6			5			RL			200			0			455				20  
	7			13			RR			200			-286			518				19  
	8			11			LL			400			0			376				20  
	9			22			LR			400			0			407				19  
	10			4			RL			400			0			530				20  
	11			2			RR			400			0			775				19  
	12			28			LL			400			286			348				20  
	13			8			LR			400			0			468				19  
	14			15			RL			400			0			438				20  
	15			14			RR			400			-286			438				19  
	16			26			LL			600			0			543				20  
	17			6			LR			600			0			454				19  
	18			29			RL			600			0			391				20  
	19			10			RR			600			0			452				19  
	20			3			LL			600			286			635				20  
	21			19			LR			600			0			359				19  
	22			23			RL			600			0			330				20  
	23			16			RR			600			-286			392				19  
	24			25			LL			800			0			346				20  
	25			21			LR			800			0			406				19  
	26			24			RL			800			0			282				20  
	27			20			RR			800			0			404				19  
	28			31			LL			800			286			343				20  
	29			9			LR			800			0			466				19  
	30			0			RL			800			0			772				19  
	31			30			RR			800			-286			498				19  
	32			137			LL			200			0			476				20  
	33			94			LL			200			0			424				20  
	34			122			LL			200			0			636				20  
	35			32			LL			200			0			425				20  
	36			102			LR			200			0			410				19  
	37			110			LR			200			0			517				19  
	38			159			LR			200			0			486				19  
	39			56			LR			200			0			394				19  
	40			112			RL			200			0			456				20  
	41			100			RL			200			0			426				20  
	42			113			RL			200			0			425				20  
	43			38			RL			200			0			383				20  
	44			135			RR			200			0			393				19  
	45			95			RR			200			0			332				19  
	46			149			RR			200			0			455				19  
	47			69			RR			200			0			578				19  
	48			140			LL			200			286			608				20  
	49			104			LL			200			286			379				20  
	50			83			LL			200			286			516				20  
	51			59			LL			200			286			335				20  
	52			106			LR			200			0			394				19  
	53			76			LR			200			0			394				19  
	54			37			LR			200			0			454				19  
	55			41			LR			200			0			393				19  
	56			39			RL			200			0			364				20  
	57			43			RL			200			0			363				20  
	58			141			RL			200			0			577				20  
	59			88			RL			200			0			394				20  
	60			154			RR			200			-286			577				19  
	61			145			RR			200			-286			425				20  
	62			98			RR			200			-286			334				19  
	63			120			RR			200			-286			423				19  
	64			133			LL			400			0			621				20  
	65			72			LL			400			0			345				20  
	66			150			LL			400			0			622				20  
	67			62			LL			400			0			377				20  
	68			48			LR			400			0			408				19  
	69			67			LR			400			0			408				19  
	70			151			LR			400			0			438				19  
	71			68			LR			400			0			376				19  
	72			126			RL			400			0			439				20  
	73			107			RL			400			0			346				20  
	74			35			RL			400			0			378				20  
	75			89			RL			400			0			377				20  
	76			124			RR			400			0			407				19  
	77			109			RR			400			0			376				19  
	78			36			RR			400			0			398				19  
	79			103			RR			400			0			437				19  
	80			97			LL			400			286			316				20  
	81			61			LL			400			286			347				20  
	82			51			LL			400			286			410				20  
	83			65			LL			400			286			346				20  
	84			58			LR			400			0			377				19  
	85			74			LR			400			0			438				19  
	86			42			LR			400			0			377				19  
	87			73			LR			400			0			470				19  
	88			55			RL			400			0			347				20  
	89			128			RL			400			0			499				20  
	90			129			RL			400			0			469				20  
	91			45			RL			400			0			345				20  
	92			134			RR			400			-286			409				19  
	93			119			RR			400			-286			744				19  
	94			33			RR			400			-286			530				19  
	95			46			RR			400			-286			378				19  
	96			70			LL			600			0			360				20  
	97			77			LL			600			0			451				20  
	98			142			LL			600			0			422				20  
	99			139			LL			600			0			362				20  
	100			144			LR			600			0			392				19  
	101			80			LR			600			0			298				19  
	102			79			LR			600			0			331				19  
	103			53			LR			600			0			499				19  
	104			86			RL			600			0			728				20  
	105			158			RL			600			0			330				20  
	106			44			RL			600			0			423				20  
	107			71			RL			600			0			453				20  
	108			47			RR			600			0			451				19  
	109			78			RR			600			0			300				19  
	110			52			RR			600			0			382				19  
	111			157			RR			600			0			420				19  
	112			96			LL			600			286			438				20  
	113			92			LL			600			286			422				20  
	114			60			LL			600			286			391				20  
	115			156			LL			600			286			452				20  
	116			34			LR			600			0			391				19  
	117			155			LR			600			0			485				19  
	118			114			LR			600			0			359				19  
	119			54			LR			600			0			390				19  
	120			93			RL			600			0			482				20  
	121			84			RL			600			0			392				20  
	122			115			RL			600			0			360				20  
	123			87			RL			600			0			362				20  
	124			105			RR			600			-286			328				19  
	125			153			RR			600			-286			451				19  
	126			118			RR			600			-286			360				19  
	127			63			RR			600			-286			329				19  
	128			91			LL			800			0			345				20  
	129			148			LL			800			0			497				20  
	130			132			LL			800			0			374				20  
	131			82			LL			800			0			314				20  
	132			117			LR			800			0			342				19  
	133			64			LR			800			0			466				19  
	134			143			LR			800			0			374				19  
	135			75			LR			800			0			404				19  
	136			49			RL			800			0			343				20  
	137			81			RL			800			0			435				20  
	138			152			RL			800			0			345				20  
	139			123			RL			800			0			438				20  
	140			131			RR			800			0			407				19  
	141			121			RR			800			0			436				19  
	142			130			RR			800			0			373				19  
	143			147			RR			800			0			404				19  
	144			138			LL			800			286			495				20  
	145			101			LL			800			286			403				20  
	146			127			LL			800			286			314				20  
	147			125			LL			800			286			495				20  
	148			57			LR			800			0			313				19  
	149			40			LR			800			0			335				20  
	150			136			LR			800			0			346				19  
	151			116			LR			800			0			314				19  
	152			108			RL			800			0			375				20  
	153			66			RL			800			0			498				20  
	154			99			RL			800			0			345				20  
	155			50			RL			800			0			435				20  
	156			85			RR			800			-286			403				19  
	157			90			RR			800			-286			373				19  
	158			146			RR			800			-286			345				19  
	159			111			RR			800			-286			466				19  
