

#! index		TrType			CTOA		CTD			RT		KeyPressed
	0			LL				217			142			482				19  
	1			LL				840			138			393				20  
	2			RL				506			168			288				20  
	3			LR				709			-97			405				19  
	4			LL				833			219			340				20  
	5			LR				934			-106			362				19  
	6			LL				745			106			428				20  
	7			LL				388			40			449				20  
	8			RR				248			-284			313				19  
	9			LL				220			87			357				20  
	10			LL				963			139			359				20  
	11			RR				562			-147			368				19  
	12			LL				949			29			336				20  
	13			RR				619			-106			400				19  
	14			RL				892			117			343				20  
	15			RL				704			227			316				20  
	16			LL				202			237			359				20  
	17			LR				500			-267			337				19  
	18			RL				612			210			376				20  
	19			RL				608			213			322				20  
	20			RL				851			222			354				20  
	21			RR				441			-173			304				19  
	22			RR				854			-235			349				19  
	23			LR				937			-192			323				19  
	24			LR				436			-90			340				19  
	25			RR				765			-251			439				19  
	26			RR				602			-34			405				19  
	27			LR				467			-171			339				19  
	28			RR				416			-39			359				19  
	29			LR				206			-201			359				19  
	30			LL				803			64			398				20  
	31			LR				624			-56			366				19  
	32			LR				310			-30			313				19  
	33			LL				968			154			349				20  
	34			LR				707			-240			343				19  
	35			LL				960			220			367				20  
	36			RL				863			201			429				20  
	37			LL				960			3			459				20  
	38			LR				640			-239			318				19  
	39			LR				751			-48			357				19  
	40			LL				515			91			476				20  
	41			RL				694			220			352				20  
	42			RL				852			11			563				20  
	43			RL				938			66			356				20  
	44			LR				570			-205			297				19  
	45			LR				442			-260			411				19  
	46			LL				259			173			394				20  
	47			LL				821			182			321				20  
	48			RL				830			268			430				20  
	49			LR				699			-70			354				19  
	50			RL				836			88			338				20  
	51			LR				292			-258			329				19  
	52			LL				910			181			323				20  
	53			LL				942			93			415				20  
	54			RL				328			186			355				20  
	55			RR				903			-266			423				19  
	56			RR				832			-10			403				19  
	57			RL				519			26			408				20  
	58			LR				230			-200			332				19  
	59			LL				981			285			345				20  
	60			RR				379			-197			396				19  
	61			RR				627			-285			348				19  
	62			RR				550			-35			349				19  
	63			RR				259			-49			395				19  
	64			RR				521			-196			408				19  
	65			RR				244			-143			315				19  
	66			RL				988			111			307				20  
	67			LL				218			16			452				20  
	68			LL				293			146			298				20  
	69			LL				854			169			382				20  
	70			LR				853			-133			367				19  
	71			RR				605			-130			371				19  
	72			LL				605			96			444				20  
	73			LR				705			-41			373				19  
	74			RL				844			32			359				20  
	75			RR				592			-274			368				19  
	76			RR				993			-171			379				19  
	77			RR				506			-182			392				19  
	78			RR				552			-203			376				19  
	79			RL				961			218			332				20  
	80			RL				635			11			346				20  
	81			LL				208			244			386				20  
	82			RL				574			29			448				20  
	83			LL				844			122			388				20  
	84			RR				960			-43			398				19  
	85			LR				250			-267			346				19  
	86			LR				219			-200			357				19  
	87			RR				698			-140			369				19  
	88			LR				408			-114			366				19  
	89			LR				978			-35			378				19  
	90			RR				790			-190			414				19  
	91			RR				824			-204			409				19  
	92			LR				706			-77			313				19  
	93			LL				789			131			414				20  
	94			LL				330			129			322				20  
	95			LL				453			267			355				20  
	96			LL				400			117			344				20  
	97			RL				961			76			427				20  
	98			LL				555			162			373				20  
	99			RR				874			-234			392				19  
	100			RL				974			175			321				20  
	101			LR				707			-119			313				19  
	102			LL				481			198			388				20  
	103			RR				699			-220			382				19  
	104			LL				267			229			477				20  
	105			LR				629			-256			360				19  
	106			RL				578			3			657				20  
	107			RL				907			215			417				20  
	108			RR				322			-215			424				19  
	109			RR				776			-208			351				19  
	110			RR				631			-125			358				19  
	111			LR				321			-266			363				19  
	112			RR				656			-16			453				19  
	113			LR				410			-263			366				19  
	114			LR				228			-270			360				19  
	115			LL				870			82			456				20  
	116			RL				786			251			450				20  
	117			LR				796			-121			378				19  
	118			RL				599			118			344				20  
	119			LR				402			-70			356				19  
	120			RR				985			-12			415				19  
	121			RR				537			-136			391				19  
	122			RL				483			75			474				20  
	123			RR				530			-192			398				19  
	124			RR				467			-47			460				19  
	125			RL				424			57			383				20  
	126			LR				655			-201			335				19  
	127			LL				560			26			482				20  
	128			RL				900			182			355				20  
	129			RR				431			-257			405				19  
	130			RR				627			-200			334				19  
	131			LR				662			-188			327				19  
	132			RL				244			52			471				20  
	133			LL				455			278			382				20  
	134			LR				993			-227			390				19  
	135			RL				327			131			385				20  
	136			LR				487			-244			288				19  
	137			RL				251			285			310				20  
	138			RL				326			182			328				20  
	139			RR				835			-152			367				19  
	140			LR				755			-116			418				19  
	141			RR				517			-201			443				19  
	142			LL				244			102			378				20  
	143			LR				391			-121			353				19  
	144			LR				369			-235			315				19  
	145			RL				207			144			452				20  
	146			RR				574			-216			354				19  
	147			RR				458			-131			318				19  
	148			LL				455			10			382				20  
	149			RR				965			-258			390				19  
	150			RL				591			88			338				20  
	151			RR				917			-82			380				19  
	152			LL				681			93			399				20  
	153			LR				967			-195			358				19  
	154			LR				506			-9			392				19  
	155			LR				366			-154			362				19  
	156			RR				771			-117			430				19  
	157			LR				577			-97			414				19  
	158			RL				944			123			472				20  
	159			RL				974			91			474				20  
	160			LL				899			256			428				20  
	161			RR				345			-250			401				19  
	162			RL				577			259			381				20  
	163			RL				839			51			456				20  
	164			RR				587			-189			461				19  
	165			LL				613			43			494				20  
	166			RR				247			-32			498				19  
	167			LR				574			-113			355				19  
	168			LL				848			285			417				20  
	169			LL				395			159			473				20  
	170			LL				649			173			370				20  
	171			LL				568			158			358				20  
	172			RL				468			29			421				20  
	173			RL				394			174			442				20  
	174			RR				538			-143			390				19  
	175			RL				267			171			388				20  
	176			RL				390			118			345				20  
	177			LL				481			200			387				20  
	178			RR				799			-261			460				19  
	179			LL				798			28			498				20  
	180			RL				445			45			361				19  
	181			LL				932			114			332				20  
	182			LR				575			-32			415				19  
	183			RL				656			178			364				20  
	184			LL				344			178			462				20  
	185			LL				745			39			427				20  
	186			LR				425			-202			350				19  
	187			RR				756			-214			404				19  
	188			RL				516			172			440				20  
	189			LR				448			-200			329				19  
	190			RL				529			102			400				20  
	191			RL				656			137			393				20  
	192			RR				975			-267			402				19  
	193			RL				266			181			447				20  
	194			RL				766			216			439				20  
	195			LR				464			-275			282				19  
	196			RL				574			116			324				20  
	197			LR				341			-59			344				19  
	198			RR				942			-215			353				19  
	199			LL				625			13			425				20  
	200			RL				386			185			340				20  
	201			LL				673			47			407				20  
	202			LL				257			44			455				20  
	203			LL				205			203			362				20  
	204			RR				712			-128			415				19  
	205			LL				517			248			382				20  
	206			RL				487			163			382				20  
	207			RR				814			-277			433				19  
	208			RR				979			-217			380				19  
	209			LR				782			-247			387				19  
	210			RL				820			108			355				20  
	211			LL				540			133			509				20  
	212			LL				674			149			377				20  
	213			LL				797			188			377				20  
	214			RR				566			-144			361				19  
	215			LL				926			195			308				20  
	216			RL				822			94			444				20  
	217			LR				479			-43			357				19  
	218			LR				454			-258			597				19  
	219			LL				264			53			451				20  
	220			RR				956			-201			401				19  
	221			LR				461			-232			316				19  
	222			RR				834			-283			431				19  
	223			RL				452			51			506				20  
	224			LL				979			1			348				20  
	225			RR				584			-65			467				19  
	226			RL				331			232			383				20  
	227			LL				595			47			454				20  
	228			LR				716			-141			301				19  
	229			LR				639			-156			351				19  
	230			LR				788			-108			326				19  
	231			RR				550			-181			333				19  
	232			RL				400			138			345				20  
	233			RR				393			-22			473				19  
	234			RR				536			-37			362				19  
	235			LR				541			-26			327				19  
	236			LR				725			-237			327				19  
	237			RR				577			-262			321				19  
	238			RL				710			93			433				20  
	239			LL				305			232			380				20  
	240			RR				744			-71			384				19  
	241			LR				248			-2			429				19  
	242			RL				755			161			419				20  
	243			RR				341			-123			435				19  
	244			LR				403			-79			434				19  
	245			RL				508			172			358				20  
	246			LR				581			-26			441				19  
	247			RR				445			-21			453				19  
	248			LR				380			-202			348				19  
	249			RL				642			253			318				20  
