

#! index		TrOrder		TrType			CTOA		CTD			RT		KeyPressed
	0			25			LL			200			0			485				20  
	1			31			LR			200			0			509				19  
	2			20			RL			200			0			462				20  
	3			8			RR			200			0			459				19  
	4			1			LL			200			286			620				20  
	5			9			LR			200			0			535				19  
	6			15			RL			200			0			455				20  
	7			19			RR			200			-286			550				19  
	8			24			LL			400			0			509				20  
	9			28			LR			400			0			439				19  
	10			14			RL			400			0			466				20  
	11			6			RR			400			0			602				19  
	12			2			LL			400			286			398				20  
	13			18			LR			400			0			504				19  
	14			3			RL			400			0			394				20  
	15			10			RR			400			-286			410				20  
	16			23			LL			600			0			452				20  
	17			22			LR			600			0			448				19  
	18			27			RL			600			0			450				20  
	19			5			RR			600			0			444				19  
	20			17			LL			600			286			554				20  
	21			13			LR			600			0			513				19  
	22			26			RL			600			0			421				20  
	23			29			RR			600			-286			500				19  
	24			4			LL			800			0			454				20  
	25			7			LR			800			0			407				19  
	26			16			RL			800			0			409				20  
	27			12			RR			800			0			464				19  
	28			30			LL			800			286			415				20  
	29			21			LR			800			0			380				19  
	30			11			RL			800			0			445				20  
	31			0			RR			800			-286			486				19  
	32			154			LL			200			0			528				20  
	33			129			LL			200			0			541				20  
	34			51			LL			200			0			529				20  
	35			90			LL			200			0			605				20  
	36			111			LR			200			0			443				19  
	37			140			LR			200			0			415				19  
	38			109			LR			200			0			411				19  
	39			91			LR			200			0			475				19  
	40			68			RL			200			0			396				20  
	41			131			RL			200			0			162				19  
	42			119			RL			200			0			419				20  
	43			127			RL			200			0			462				20  
	44			125			RR			200			0			481				19  
	45			69			RR			200			0			495				19  
	46			82			RR			200			0			488				19  
	47			102			RR			200			0			619				19  
	48			40			LL			200			286			468				20  
	49			32			LL			200			286			472				20  
	50			135			LL			200			286			436				20  
	51			103			LL			200			286			602				20  
	52			92			LR			200			0			353				19  
	53			63			LR			200			0			493				19  
	54			104			LR			200			0			456				19  
	55			121			LR			200			0			458				19  
	56			65			RL			200			0			447				20  
	57			99			RL			200			0			564				20  
	58			116			RL			200			0			483				20  
	59			41			RL			200			0			452				20  
	60			97			RR			200			-286			448				19  
	61			139			RR			200			-286			417				19  
	62			133			RR			200			-286			545				19  
	63			143			RR			200			-286			446				19  
	64			137			LL			400			0			398				20  
	65			136			LL			400			0			413				20  
	66			105			LL			400			0			457				20  
	67			101			LL			400			0			413				20  
	68			106			LR			400			0			398				19  
	69			49			LR			400			0			553				19  
	70			54			LR			400			0			421				19  
	71			56			LR			400			0			413				19  
	72			45			RL			400			0			454				20  
	73			47			RL			400			0			421				20  
	74			149			RL			400			0			401				20  
	75			145			RL			400			0			366				20  
	76			112			RR			400			0			424				19  
	77			88			RR			400			0			453				19  
	78			76			RR			400			0			463				19  
	79			118			RR			400			0			421				19  
	80			117			LL			400			286			403				20  
	81			98			LL			400			286			348				20  
	82			81			LL			400			286			405				20  
	83			130			LL			400			286			402				20  
	84			70			LR			400			0			452				19  
	85			157			LR			400			0			392				19  
	86			37			LR			400			0			469				19  
	87			147			LR			400			0			408				19  
	88			55			RL			400			0			377				20  
	89			124			RL			400			0			410				20  
	90			34			RL			400			0			412				20  
	91			57			RL			400			0			425				20  
	92			132			RR			400			-286			556				19  
	93			148			RR			400			-286			467				19  
	94			144			RR			400			-286			402				19  
	95			134			RR			400			-286			367				19  
	96			77			LL			600			0			415				20  
	97			71			LL			600			0			442				20  
	98			48			LL			600			0			507				20  
	99			67			LL			600			0			503				20  
	100			35			LR			600			0			368				19  
	101			138			LR			600			0			396				19  
	102			33			LR			600			0			364				19  
	103			86			LR			600			0			399				19  
	104			155			RL			600			0			418				20  
	105			126			RL			600			0			349				20  
	106			43			RL			600			0			503				20  
	107			95			RL			600			0			400				20  
	108			110			RR			600			0			418				19  
	109			152			RR			600			0			556				19  
	110			84			RR			600			0			455				19  
	111			64			RR			600			0			484				19  
	112			150			LL			600			286			438				20  
	113			96			LL			600			286			410				20  
	114			38			LL			600			286			428				20  
	115			128			LL			600			286			373				20  
	116			61			LR			600			0			403				19  
	117			151			LR			600			0			470				19  
	118			120			LR			600			0			355				19  
	119			93			LR			600			0			357				19  
	120			62			RL			600			0			351				20  
	121			66			RL			600			0			404				20  
	122			39			RL			600			0			391				20  
	123			89			RL			600			0			400				20  
	124			94			RR			600			-286			372				19  
	125			59			RR			600			-286			608				19  
	126			74			RR			600			-286			490				19  
	127			87			RR			600			-286			406				19  
	128			72			LL			800			0			413				20  
	129			50			LL			800			0			457				20  
	130			52			LL			800			0			472				20  
	131			141			LL			800			0			402				20  
	132			159			LR			800			0			489				19  
	133			114			LR			800			0			477				19  
	134			113			LR			800			0			393				19  
	135			115			LR			800			0			369				19  
	136			142			RL			800			0			394				20  
	137			58			RL			800			0			373				20  
	138			46			RL			800			0			371				20  
	139			146			RL			800			0			401				20  
	140			42			RR			800			0			465				19  
	141			80			RR			800			0			471				19  
	142			60			RR			800			0			492				19  
	143			44			RR			800			0			468				19  
	144			123			LL			800			286			369				20  
	145			83			LL			800			286			367				20  
	146			108			LL			800			286			612				20  
	147			73			LL			800			286			402				20  
	148			53			LR			800			0			399				19  
	149			79			LR			800			0			446				19  
	150			153			LR			800			0			478				19  
	151			85			LR			800			0			490				19  
	152			36			RL			800			0			427				20  
	153			122			RL			800			0			383				20  
	154			100			RL			800			0			378				20  
	155			107			RL			800			0			427				20  
	156			75			RR			800			-286			411				19  
	157			78			RR			800			-286			527				19  
	158			156			RR			800			-286			463				19  
	159			158			RR			800			-286			458				19  
