

#! index		TrOrder		TrType			CTOA		CTD			RT		KeyPressed
	0			24			LL			200			0			547				20  
	1			4			LR			200			0			353				19  
	2			6			RL			200			0			418				20  
	3			3			RR			200			0			565				19  
	4			25			LL			200			286			376				20  
	5			15			LR			200			0			380				19  
	6			12			RL			200			0			410				20  
	7			26			RR			200			-286			385				19  
	8			2			LL			400			0			3187				20  
	9			5			LR			400			0			352				19  
	10			18			RL			400			0			370				20  
	11			27			RR			400			0			309				19  
	12			9			LL			400			286			831				20  
	13			11			LR			400			0			372				19  
	14			13			RL			400			0			341				20  
	15			22			RR			400			-286			369				19  
	16			21			LL			600			0			417				20  
	17			1			LR			600			0			414				19  
	18			16			RL			600			0			324				20  
	19			14			RR			600			0			356				19  
	20			10			LL			600			286			415				20  
	21			28			LR			600			0			293				19  
	22			17			RL			600			0			352				20  
	23			19			RR			600			-286			414				19  
	24			31			LL			800			0			395				20  
	25			7			LR			800			0			320				19  
	26			8			RL			800			0			337				20  
	27			23			RR			800			0			369				19  
	28			0			LL			800			286			1596				19  
	29			20			LR			800			0			338				19  
	30			29			RL			800			0			338				20  
	31			30			RR			800			-286			337				19  
	32			113			LL			200			0			429				20  
	33			34			LL			200			0			469				20  
	34			137			LL			200			0			354				20  
	35			59			LL			200			0			355				20  
	36			67			LR			200			0			387				19  
	37			74			LR			200			0			387				19  
	38			61			LR			200			0			409				19  
	39			107			LR			200			0			384				19  
	40			48			RL			200			0			444				20  
	41			136			RL			200			0			322				20  
	42			94			RL			200			0			384				20  
	43			125			RL			200			0			352				20  
	44			128			RR			200			0			416				19  
	45			141			RR			200			0			444				19  
	46			117			RR			200			0			337				19  
	47			118			RR			200			0			389				19  
	48			95			LL			200			286			359				20  
	49			57			LL			200			286			323				20  
	50			54			LL			200			286			385				20  
	51			80			LL			200			286			90				20  
	52			51			LR			200			0			353				19  
	53			155			LR			200			0			444				19  
	54			45			LR			200			0			413				19  
	55			109			LR			200			0			418				19  
	56			115			RL			200			0			324				20  
	57			97			RL			200			0			337				20  
	58			70			RL			200			0			414				20  
	59			39			RL			200			0			418				20  
	60			44			RR			200			-286			477				19  
	61			138			RR			200			-286			352				19  
	62			83			RR			200			-286			295				19  
	63			32			RR			200			-286			415				19  
	64			64			LL			400			0			401				20  
	65			37			LL			400			0			430				20  
	66			42			LL			400			0			431				20  
	67			100			LL			400			0			433				20  
	68			134			LR			400			0			306				19  
	69			122			LR			400			0			400				19  
	70			151			LR			400			0			297				19  
	71			135			LR			400			0			339				19  
	72			91			RL			400			0			311				20  
	73			82			RL			400			0			368				20  
	74			114			RL			400			0			312				20  
	75			154			RL			400			0			371				20  
	76			43			RR			400			0			390				19  
	77			150			RR			400			0			341				19  
	78			126			RR			400			0			370				19  
	79			79			RR			400			0			353				19  
	80			55			LL			400			286			280				20  
	81			149			LL			400			286			431				20  
	82			108			LL			400			286			429				20  
	83			62			LL			400			286			410				20  
	84			50			LR			400			0			432				19  
	85			85			LR			400			0			432				19  
	86			145			LR			400			0			373				19  
	87			98			LR			400			0			395				19  
	88			71			RL			400			0			370				20  
	89			87			RL			400			0			310				20  
	90			65			RL			400			0			334				20  
	91			152			RL			400			0			402				20  
	92			76			RR			400			-286			392				19  
	93			35			RR			400			-286			340				19  
	94			157			RR			400			-286			371				19  
	95			119			RR			400			-286			32				19  
	96			123			LL			600			0			354				20  
	97			38			LL			600			0			597				20  
	98			81			LL			600			0			413				20  
	99			102			LL			600			0			415				20  
	100			63			LR			600			0			355				19  
	101			132			LR			600			0			263				19  
	102			121			LR			600			0			444				19  
	103			148			LR			600			0			263				19  
	104			159			RL			600			0			376				20  
	105			131			RL			600			0			322				20  
	106			110			RL			600			0			383				20  
	107			56			RL			600			0			296				20  
	108			144			RR			600			0			385				19  
	109			92			RR			600			0			385				19  
	110			116			RR			600			0			385				19  
	111			88			RR			600			0			384				19  
	112			101			LL			600			286			415				20  
	113			58			LL			600			286			385				20  
	114			153			LL			600			286			233				19  
	115			73			LL			600			286			352				20  
	116			49			LR			600			0			354				19  
	117			60			LR			600			0			325				19  
	118			86			LR			600			0			321				19  
	119			130			LR			600			0			268				19  
	120			129			RL			600			0			293				20  
	121			78			RL			600			0			369				20  
	122			99			RL			600			0			22				19  
	123			127			RL			600			0			268				20  
	124			90			RR			600			-286			354				19  
	125			124			RR			600			-286			434				19  
	126			33			RR			600			-286			357				19  
	127			72			RR			600			-286			357				19  
	128			105			LL			800			0			399				20  
	129			77			LL			800			0			339				20  
	130			156			LL			800			0			337				20  
	131			40			LL			800			0			396				20  
	132			120			LR			800			0			306				19  
	133			146			LR			800			0			60				19  
	134			142			LR			800			0			246				19  
	135			140			LR			800			0			272				19  
	136			139			RL			800			0			337				20  
	137			111			RL			800			0			309				20  
	138			143			RL			800			0			301				20  
	139			52			RL			800			0			338				20  
	140			93			RR			800			0			397				19  
	141			46			RR			800			0			461				19  
	142			158			RR			800			0			376				19  
	143			75			RR			800			0			334				19  
	144			66			LL			800			286			306				20  
	145			84			LL			800			286			334				20  
	146			53			LL			800			286			459				20  
	147			103			LL			800			286			338				20  
	148			147			LR			800			0			277				19  
	149			112			LR			800			0			337				19  
	150			36			LR			800			0			271				19  
	151			41			LR			800			0			303				19  
	152			104			RL			800			0			365				20  
	153			89			RL			800			0			306				20  
	154			133			RL			800			0			316				20  
	155			47			RL			800			0			329				20  
	156			96			RR			800			-286			367				19  
	157			68			RR			800			-286			367				19  
	158			106			RR			800			-286			383				19  
	159			69			RR			800			-286			397				19  
