

#! index		TrType			CTOA		CTD			RT		KeyPressed
	0			RR				427			-140			376				19  
	1			RL				685			252			362				20  
	2			LL				638			199			592				20  
	3			RL				984			183			319				20  
	4			LL				487			24			408				20  
	5			LL				535			138			391				20  
	6			LR				823			-222			328				19  
	7			LR				406			-174			338				19  
	8			LR				712			-188			305				19  
	9			LL				988			158			366				20  
	10			LR				452			-99			319				19  
	11			RR				846			-276			294				19  
	12			RL				753			12			325				20  
	13			LR				510			-214			355				19  
	14			RR				224			-239			385				19  
	15			LR				293			-7			358				19  
	16			LL				679			148			338				20  
	17			LR				502			-252			312				19  
	18			RR				991			-50			315				19  
	19			RR				719			-67			318				19  
	20			LL				363			166			340				20  
	21			LL				641			153			315				20  
	22			RL				616			10			311				20  
	23			LL				651			148			334				20  
	24			LL				449			102			320				20  
	25			LR				320			-177			321				19  
	26			RR				341			-188			310				19  
	27			LR				755			-274			293				19  
	28			LL				661			256			355				20  
	29			RR				802			-234			307				19  
	30			LL				992			17			361				20  
	31			RL				658			31			297				20  
	32			LL				286			242			368				20  
	33			RL				315			279			334				20  
	34			LL				730			38			381				20  
	35			LL				218			116			389				20  
	36			LR				714			-80			276				19  
	37			LL				442			153			363				20  
	38			RL				409			222			365				20  
	39			LR				326			-190			326				19  
	40			LR				983			-218			279				19  
	41			RR				231			-117			390				19  
	42			LL				318			166			302				20  
	43			LL				997			89			298				20  
	44			RR				978			-102			560				19  
	45			RR				285			-158			365				19  
	46			RL				612			264			316				20  
	47			RR				839			-284			361				19  
	48			LL				467			182			337				20  
	49			LR				288			-9			395				19  
	50			LL				822			120			378				20  
	51			LR				633			-108			325				19  
	52			LR				963			-128			329				19  
	53			LR				627			-188			330				19  
	54			LR				878			-153			325				19  
	55			RL				364			124			407				20  
	56			LL				808			279			547				20  
	57			RR				749			-235			414				19  
	58			LL				744			265			395				20  
	59			LR				454			-55			318				19  
	60			LL				481			126			476				20  
	61			RL				818			207			352				20  
	62			RL				323			46			359				20  
	63			LL				681			169			367				20  
	64			RR				409			-284			363				19  
	65			LL				838			144			394				20  
	66			RR				386			-151			481				19  
	67			RL				367			101			373				20  
	68			LR				224			-147			347				19  
	69			RL				968			224			343				20  
	70			RR				324			-237			359				19  
	71			RL				677			120			310				20  
	72			RR				459			-276			314				19  
	73			LR				588			-12			275				19  
	74			RL				261			276			314				20  
	75			RL				256			28			303				20  
	76			RR				660			-283			358				19  
	77			RR				284			-163			365				19  
	78			RR				569			-237			358				19  
	79			RR				981			-115			342				19  
	80			LL				808			95			332				20  
	81			RL				674			9			345				20  
	82			LL				211			254			389				20  
	83			RL				983			99			340				20  
	84			RL				217			19			390				20  
	85			RL				992			167			393				20  
	86			LL				272			95			440				20  
	87			LR				266			-84			353				19  
	88			RR				722			-82			368				19  
	89			RR				585			-68			402				19  
	90			RL				909			99			292				20  
	91			LL				375			14			368				20  
	92			LL				403			23			369				20  
	93			LL				314			170			307				20  
	94			LL				592			53			361				20  
	95			LL				645			243			311				20  
	96			LL				313			25			400				20  
	97			LR				581			-123			376				19  
	98			RR				818			-67			354				19  
	99			LR				247			-5			404				19  
	100			LR				438			-160			335				19  
	101			RL				715			198			305				20  
	102			RR				757			-241			352				19  
	103			RR				823			-278			379				19  
	104			LR				500			-35			378				19  
	105			LL				651			76			392				20  
	106			LL				532			142			363				20  
	107			RL				603			233			324				20  
	108			LR				949			-223			318				19  
	109			LR				338			-66			465				19  
	110			RR				353			-162			512				20  
	111			LR				801			-35			389				19  
	112			LL				558			267			368				20  
	113			RR				433			-254			432				19  
	114			LL				412			95			359				20  
	115			RR				512			-95			323				19  
	116			LL				725			136			324				20  
	117			RL				325			27			388				20  
	118			RL				977			139			405				20  
	119			RR				803			-268			367				19  
	120			LL				989			197			336				20  
	121			RR				644			-24			405				19  
	122			LL				745			50			364				20  
	123			RL				693			13			413				20  
	124			RR				604			-84			412				19  
	125			LL				870			30			362				20  
	126			RR				338			-95			372				19  
	127			RR				718			-18			388				19  
	128			RR				795			-209			343				19  
	129			RL				385			164			328				20  
	130			RL				337			174			374				20  
	131			LR				888			-112			315				19  
	132			RR				956			-179			383				19  
	133			RL				297			44			353				20  
	134			LL				335			270			378				20  
	135			RR				571			-36			354				19  
	136			LL				656			276			421				20  
	137			RL				924			274			339				20  
	138			LR				976			-264			379				19  
	139			RL				763			185			316				20  
	140			RR				423			-101			413				19  
	141			RL				910			176			291				20  
	142			RL				425			161			409				20  
	143			RR				928			-35			457				19  
	144			RR				251			-55			429				19  
	145			LR				207			-28			418				19  
	146			LL				309			51			465				20  
	147			RR				281			-259			369				19  
	148			RR				249			-108			401				19  
	149			RL				990			23			488				20  
	150			RR				708			-274			369				19  
	151			RR				991			-198			393				19  
	152			LL				686			107			394				20  
	153			RR				337			-51			344				19  
	154			LL				437			43			334				20  
	155			LL				592			168			337				20  
	156			LL				672			171			337				20  
	157			LR				815			-146			300				19  
	158			LR				740			-113			341				19  
	159			LR				243			-282			346				19  
	160			RR				310			-244			373				19  
	161			RR				276			-174			344				19  
	162			RL				832			185			279				20  
	163			RL				332			171			380				20  
	164			LL				475			175			357				20  
	165			RL				597			181			391				20  
	166			LL				269			227			322				20  
	167			RR				748			-16			393				19  
	168			RL				358			108			382				20  
	169			RL				676			198			332				20  
	170			RL				665			183			351				20  
	171			RR				548			-164			318				19  
	172			RL				237			34			384				20  
	173			RR				757			-239			352				19  
	174			LL				436			243			323				20  
	175			RL				926			101			306				20  
	176			RL				635			128			322				20  
	177			LR				471			-89			362				19  
	178			RL				517			243			314				20  
	179			LL				822			127			410				20  
	180			RR				576			-50			380				19  
	181			LL				288			1			393				20  
	182			LR				749			-178			373				19  
	183			RR				846			-116			385				19  
	184			LL				717			152			393				20  
	185			LL				598			45			359				20  
	186			RL				881			249			321				20  
	187			LL				440			77			360				20  
	188			LR				690			-247			326				19  
	189			LL				570			15			408				20  
	190			RL				927			236			336				20  
	191			RR				268			-10			444				19  
	192			LR				272			-83			409				19  
	193			LR				770			-69			369				19  
	194			RR				295			-139			355				19  
	195			LR				723			-184			281				19  
	196			LR				851			-98			314				19  
	197			RL				749			109			299				20  
	198			LL				965			233			359				20  
	199			RL				857			9			312				20  
	200			RL				902			204			352				20  
	201			RL				764			145			313				20  
	202			RL				793			283			316				20  
	203			LR				225			-80			387				19  
	204			RL				419			62			293				20  
	205			LL				810			186			420				20  
	206			LL				525			268			403				20  
	207			RL				800			150			339				20  
	208			RL				306			207			346				20  
	209			RL				960			111			361				20  
	210			LR				985			-274			308				19  
	211			LL				758			177			352				20  
	212			RR				366			-105			467				19  
	213			RR				359			-237			383				19  
	214			LL				584			118			339				20  
	215			RR				758			-186			320				19  
	216			LR				480			-201			355				19  
	217			LL				430			126			376				20  
	218			LL				850			39			409				20  
	219			LL				630			186			314				20  
	220			LL				941			13			381				20  
	221			RR				909			-42			352				19  
	222			LL				604			282			353				20  
	223			LL				899			246			322				20  
	224			RL				764			2			376				20  
	225			LR				295			-263			356				19  
	226			RR				815			-68			384				19  
	227			LL				578			87			348				20  
	228			RR				931			-145			391				19  
	229			LR				241			-188			349				19  
	230			LR				764			-227			315				19  
	231			LL				802			179			399				20  
	232			RL				920			190			341				20  
	233			RL				911			259			312				20  
	234			LR				801			-179			362				19  
	235			LR				809			-13			361				19  
	236			LL				745			233			424				20  
	237			RL				936			250			326				20  
	238			RL				381			213			362				20  
	239			RL				788			44			321				20  
	240			LR				515			-140			377				19  
	241			LL				350			203			393				20  
	242			RR				851			-126			317				19  
	243			RR				585			-12			342				19  
	244			RL				511			100			292				20  
	245			LR				214			-222			288				19  
	246			LL				252			278			304				20  
	247			RR				906			-184			323				19  
	248			LL				806			65			363				20  
	249			RR				603			-247			324				19  
