

#! index		TrOrder		TrType			CTOA		CTD			RT		KeyPressed
	0			3			LL			200			0			460				20  
	1			8			LR			200			0			380				19  
	2			10			RL			200			0			379				20  
	3			20			RR			200			0			442				19  
	4			6			LL			200			286			379				20  
	5			13			LR			200			0			429				19  
	6			17			RL			200			0			320				20  
	7			22			RR			200			-286			474				19  
	8			25			LL			400			0			403				20  
	9			16			LR			400			0			274				19  
	10			5			RL			400			0			320				20  
	11			21			RR			400			0			425				19  
	12			24			LL			400			286			457				20  
	13			19			LR			400			0			321				19  
	14			4			RL			400			0			355				20  
	15			29			RR			400			-286			335				19  
	16			15			LL			600			0			334				20  
	17			2			LR			600			0			195				20  
	18			0			RL			600			0			1175				19  
	19			30			RR			600			0			364				19  
	20			12			LL			600			286			365				20  
	21			23			LR			600			0			319				20  
	22			26			RL			600			0			409				20  
	23			7			RR			600			-286			488				19  
	24			1			LL			800			0			410				20  
	25			9			LR			800			0			378				19  
	26			14			RL			800			0			301				20  
	27			31			RR			800			0			395				19  
	28			18			LL			800			286			300				20  
	29			27			LR			800			0			350				19  
	30			11			RL			800			0			259				20  
	31			28			RR			800			-286			332				19  
	32			158			LL			200			0			167				20  
	33			87			LL			200			0			459				20  
	34			48			LL			200			0			383				20  
	35			134			LL			200			0			380				20  
	36			34			LR			200			0			381				19  
	37			71			LR			200			0			382				19  
	38			83			LR			200			0			564				19  
	39			43			LR			200			0			429				19  
	40			85			RL			200			0			381				20  
	41			72			RL			200			0			349				20  
	42			59			RL			200			0			397				20  
	43			51			RL			200			0			428				20  
	44			37			RR			200			0			459				19  
	45			157			RR			200			0			388				19  
	46			104			RR			200			0			472				19  
	47			133			RR			200			0			350				19  
	48			64			LL			200			286			410				20  
	49			120			LL			200			286			432				20  
	50			108			LL			200			286			348				20  
	51			141			LL			200			286			459				20  
	52			123			LR			200			0			442				19  
	53			145			LR			200			0			430				19  
	54			82			LR			200			0			429				19  
	55			68			LR			200			0			412				19  
	56			126			RL			200			0			399				20  
	57			33			RL			200			0			381				20  
	58			63			RL			200			0			388				20  
	59			138			RL			200			0			379				20  
	60			40			RR			200			-286			320				19  
	61			95			RR			200			-286			596				19  
	62			124			RR			200			-286			459				19  
	63			107			RR			200			-286			474				19  
	64			144			LL			400			0			324				20  
	65			118			LL			400			0			365				20  
	66			156			LL			400			0			365				20  
	67			56			LL			400			0			333				20  
	68			79			LR			400			0			398				19  
	69			88			LR			400			0			412				19  
	70			154			LR			400			0			364				19  
	71			49			LR			400			0			365				19  
	72			114			RL			400			0			455				20  
	73			113			RL			400			0			395				19  
	74			135			RL			400			0			322				20  
	75			155			RL			400			0			333				20  
	76			132			RR			400			0			334				19  
	77			55			RR			400			0			395				19  
	78			130			RR			400			0			335				19  
	79			149			RR			400			0			383				19  
	80			65			LL			400			286			321				20  
	81			116			LL			400			286			335				20  
	82			38			LL			400			286			304				20  
	83			101			LL			400			286			321				20  
	84			131			LR			400			0			455				19  
	85			97			LR			400			0			394				19  
	86			75			LR			400			0			426				19  
	87			69			LR			400			0			320				19  
	88			92			RL			400			0			363				20  
	89			106			RL			400			0			382				20  
	90			142			RL			400			0			365				20  
	91			61			RL			400			0			351				20  
	92			111			RR			400			-286			395				19  
	93			39			RR			400			-286			303				19  
	94			117			RR			400			-286			412				19  
	95			147			RR			400			-286			335				19  
	96			136			LL			600			0			378				20  
	97			148			LL			600			0			369				20  
	98			90			LL			600			0			409				20  
	99			128			LL			600			0			379				20  
	100			121			LR			600			0			457				19  
	101			139			LR			600			0			288				19  
	102			137			LR			600			0			395				19  
	103			146			LR			600			0			316				19  
	104			62			RL			600			0			318				20  
	105			41			RL			600			0			287				20  
	106			103			RL			600			0			408				20  
	107			100			RL			600			0			366				20  
	108			44			RR			600			0			380				19  
	109			46			RR			600			0			396				19  
	110			47			RR			600			0			440				19  
	111			81			RR			600			0			409				19  
	112			73			LL			600			286			397				20  
	113			60			LL			600			286			350				20  
	114			119			LL			600			286			364				20  
	115			110			LL			600			286			335				20  
	116			32			LR			600			0			365				19  
	117			159			LR			600			0			439				19  
	118			98			LR			600			0			409				19  
	119			109			LR			600			0			380				19  
	120			76			RL			600			0			349				20  
	121			45			RL			600			0			308				20  
	122			94			RL			600			0			410				20  
	123			42			RL			600			0			318				19  
	124			102			RR			600			-286			501				19  
	125			50			RR			600			-286			305				19  
	126			66			RR			600			-286			349				19  
	127			150			RR			600			-286			304				19  
	128			53			LL			800			0			268				20  
	129			122			LL			800			0			395				20  
	130			77			LL			800			0			363				20  
	131			152			LL			800			0			350				20  
	132			35			LR			800			0			274				19  
	133			93			LR			800			0			362				19  
	134			86			LR			800			0			364				19  
	135			91			LR			800			0			363				19  
	136			127			RL			800			0			516				20  
	137			143			RL			800			0			330				20  
	138			112			RL			800			0			348				20  
	139			153			RL			800			0			440				20  
	140			58			RR			800			0			381				19  
	141			78			RR			800			0			378				19  
	142			129			RR			800			0			302				19  
	143			70			RR			800			0			333				19  
	144			74			LL			800			286			349				20  
	145			36			LL			800			286			362				20  
	146			96			LL			800			286			332				20  
	147			99			LL			800			286			350				20  
	148			80			LR			800			0			272				20  
	149			151			LR			800			0			362				19  
	150			67			LR			800			0			378				19  
	151			57			LR			800			0			362				19  
	152			140			RL			800			0			270				20  
	153			54			RL			800			0			395				20  
	154			105			RL			800			0			350				20  
	155			84			RL			800			0			391				20  
	156			89			RR			800			-286			363				19  
	157			115			RR			800			-286			485				19  
	158			125			RR			800			-286			330				19  
	159			52			RR			800			-286			302				19  
