

#! index		TrType			CTOA		CTD			RT		KeyPressed
	0			LL				847			181			383				19  
	1			RR				257			-254			391				19  
	2			RL				231			22			353				20  
	3			LL				952			5			369				20  
	4			LR				621			-229			353				19  
	5			LL				460			53			369				20  
	6			RL				963			263			327				20  
	7			RR				240			-183			408				19  
	8			LR				779			-47			389				19  
	9			RL				902			156			326				20  
	10			LR				694			-186			352				19  
	11			LR				402			-136			307				19  
	12			LR				313			0			396				19  
	13			LR				375			-36			487				19  
	14			RR				392			-170			378				19  
	15			LR				234			-186			383				19  
	16			LL				383			107			326				20  
	17			LR				321			-65			405				19  
	18			LL				835			189			364				20  
	19			RR				967			-65			260				19  
	20			RL				605			172			318				20  
	21			RR				328			-14			351				19  
	22			RR				711			-153			305				19  
	23			LL				713			275			273				20  
	24			LR				816			-262			381				19  
	25			LR				493			-56			399				19  
	26			RL				214			123			356				20  
	27			RR				516			-204			285				19  
	28			RL				699			206			286				20  
	29			RL				428			173			311				20  
	30			LL				610			31			303				20  
	31			LL				293			248			354				20  
	32			RR				333			-219			347				19  
	33			LR				762			-254			312				19  
	34			LR				734			-71			374				19  
	35			RL				668			186			348				20  
	36			RL				825			81			312				20  
	37			LL				370			19			340				20  
	38			RL				941			185			315				20  
	39			RR				718			-53			337				19  
	40			LR				404			-66			358				19  
	41			RL				493			126			306				20  
	42			RL				388			82			291				20  
	43			LR				203			-221			415				19  
	44			LL				914			9			283				20  
	45			RL				313			188			336				20  
	46			LR				835			-86			395				19  
	47			RL				263			98			414				20  
	48			RL				318			2			360				20  
	49			LR				837			-273			299				19  
	50			RL				988			120			272				20  
	51			RR				374			0			333				19  
	52			LL				727			214			288				19  
	53			LL				957			57			333				20  
	54			LL				777			90			299				20  
	55			LL				804			6			391				20  
	56			RR				531			-145			393				19  
	57			LL				774			59			302				20  
	58			LL				249			238			366				20  
	59			RR				255			-30			731				19  
	60			RR				220			-182			415				19  
	61			LL				557			152			305				20  
	62			RR				558			-189			363				19  
	63			RR				356			-228			323				19  
	64			RL				516			236			316				20  
	65			LR				771			-285			386				19  
	66			RL				788			275			380				20  
	67			LR				395			-2			376				19  
	68			LR				562			-57			360				19  
	69			RL				429			55			312				20  
	70			RL				515			48			253				20  
	71			LL				224			103			323				20  
	72			LR				649			-62			367				19  
	73			RL				380			5			328				20  
	74			LL				218			154			354				20  
	75			RR				880			-233			345				19  
	76			RL				879			145			289				20  
	77			RL				850			263			318				20  
	78			LL				858			112			310				20  
	79			LR				220			-267			478				19  
	80			RR				374			-143			366				19  
	81			RR				509			-148			351				19  
	82			LR				800			-280			368				19  
	83			RL				974			182			378				20  
	84			RL				988			198			331				20  
	85			RL				620			131			393				20  
	86			LR				474			-276			327				19  
	87			LL				882			204			315				20  
	88			LL				818			261			319				20  
	89			LL				333			115			377				20  
	90			LR				281			-81			396				19  
	91			RL				684			56			269				20  
	92			LR				298			-192			381				19  
	93			LR				283			-106			366				19  
	94			LR				794			-27			434				19  
	95			RR				548			-191			345				19  
	96			LR				917			-26			311				19  
	97			LL				890			94			308				20  
	98			RR				661			-111			353				19  
	99			LL				593			135			329				20  
	100			LL				916			222			345				20  
	101			RR				345			-133			425				19  
	102			RR				504			-259			357				19  
	103			RR				242			-90			376				19  
	104			RL				541			203			288				20  
	105			LL				619			180			273				20  
	106			LL				355			256			262				20  
	107			RR				430			-3			310				19  
	108			RL				695			257			349				20  
	109			LL				207			273			353				20  
	110			RR				587			-33			490				19  
	111			LL				409			251			329				20  
	112			LR				783			-219			325				19  
	113			RL				710			217			304				20  
	114			RR				964			-141			326				19  
	115			LR				734			-190			343				19  
	116			RL				440			210			300				20  
	117			RR				357			-190			352				19  
	118			RL				366			50			312				20  
	119			RL				287			50			300				20  
	120			LL				253			20			352				20  
	121			LR				345			-43			330				19  
	122			LL				249			174			277				20  
	123			RL				864			35			295				20  
	124			RL				672			18			311				20  
	125			LR				268			-150			411				19  
	126			RL				801			53			275				20  
	127			RR				589			-38			363				19  
	128			LL				323			200			295				20  
	129			LL				463			79			277				20  
	130			LL				604			96			257				20  
	131			LR				663			-188			365				19  
	132			LR				784			-203			77				20  
	133			LR				473			-115			352				19  
	134			RR				571			-14			358				19  
	135			RR				622			-104			329				19  
	136			RL				244			280			342				20  
	137			LL				393			226			286				20  
	138			LR				499			-231			332				19  
	139			RL				260			268			388				20  
	140			LL				481			38			288				20  
	141			RR				751			-146			418				19  
	142			LR				479			-271			322				19  
	143			RR				248			-62			368				19  
	144			LR				571			-22			324				19  
	145			RR				610			-6			339				19  
	146			RR				902			-206			387				19  
	147			LL				886			259			343				20  
	148			LR				719			-69			357				19  
	149			RL				568			261			294				20  
	150			RR				519			-24			314				19  
	151			RL				627			240			297				20  
	152			RR				236			-92			351				19  
	153			LL				996			42			354				20  
	154			LR				372			-125			335				19  
	155			RR				436			-73			335				19  
	156			RR				455			-37			314				19  
	157			RL				232			69			385				20  
	158			LR				957			-209			301				19  
	159			RR				352			-85			373				19  
	160			LL				283			61			364				20  
	161			RR				352			-234			356				19  
	162			RR				225			-221			338				19  
	163			RR				484			-225			406				19  
	164			LL				603			76			320				20  
	165			LR				954			-74			336				19  
	166			RL				359			37			350				20  
	167			RL				463			246			337				20  
	168			RL				658			68			327				20  
	169			RR				445			-21			387				19  
	170			RR				684			-89			390				19  
	171			LL				856			24			312				20  
	172			LL				712			258			363				20  
	173			RL				531			205			360				20  
	174			LL				362			213			348				20  
	175			RR				577			-20			375				19  
	176			LL				785			204			292				20  
	177			LR				891			-114			334				19  
	178			LL				779			8			327				20  
	179			LR				970			-244			380				19  
	180			RR				231			-223			447				19  
	181			RR				483			-256			315				19  
	182			LR				552			-13			372				19  
	183			RR				475			-157			311				19  
	184			LL				249			159			399				20  
	185			RL				846			145			292				20  
	186			LL				903			188			324				20  
	187			LL				674			40			393				20  
	188			RR				994			-55			327				19  
	189			RR				219			-158			476				19  
	190			RR				901			-148			313				19  
	191			LL				725			87			322				20  
	192			RL				643			208			339				20  
	193			RR				680			-163			325				19  
	194			LL				320			175			389				20  
	195			RR				767			-37			309				19  
	196			RL				375			108			365				20  
	197			LR				903			-140			324				19  
	198			LR				216			-93			443				19  
	199			LR				370			-35			400				19  
	200			LL				813			275			293				20  
	201			RR				428			-44			66				19  
	202			LR				671			-225			405				19  
	203			LL				456			218			313				20  
	204			LL				913			229			316				20  
	205			RR				605			-185			339				19  
	206			LL				709			106			333				20  
	207			RR				212			-197			446				19  
	208			LL				604			0			340				20  
	209			LL				864			96			335				20  
	210			RR				964			-157			295				19  
	211			LR				934			-120			294				19  
	212			RR				257			-241			391				19  
	213			LL				887			248			340				20  
	214			LL				697			13			286				20  
	215			RL				539			266			375				20  
	216			LL				257			10			380				20  
	217			LL				555			6			277				20  
	218			RL				309			8			339				20  
	219			RL				311			70			306				20  
	220			RL				581			66			280				20  
	221			LR				222			-143			446				19  
	222			RL				558			104			272				20  
	223			LR				434			-155			349				19  
	224			RR				330			-176			316				19  
	225			LR				367			-56			363				19  
	226			LR				312			-118			360				19  
	227			RR				342			-185			304				19  
	228			LL				361			110			369				20  
	229			LL				383			272			325				20  
	230			RL				581			136			312				20  
	231			RL				767			262			280				20  
	232			LL				370			123			309				20  
	233			LR				661			-229			295				19  
	234			RL				297			227			320				20  
	235			RR				792			-61			390				19  
	236			RR				951			-201			372				19  
	237			LL				483			183			284				20  
	238			LR				201			-204			476				19  
	239			RL				509			264			324				20  
	240			LL				471			175			319				20  
	241			RR				852			-94			347				19  
	242			RR				785			-141			381				19  
	243			RL				329			272			350				20  
	244			RL				971			163			380				20  
	245			LR				808			-114			392				19  
	246			LR				981			-106			339				19  
	247			RL				746			148			331				20  
	248			RL				459			248			374				20  
	249			LL				230			128			383				20  
