

#! index		TrType			CTOA		CTD			RT		KeyPressed
	0			RR				295			-284			393				19  
	1			RL				716			240			282				20  
	2			LR				340			-218			287				19  
	3			RR				510			-39			314				19  
	4			LR				504			-1			277				19  
	5			LR				551			-9			229				19  
	6			RR				638			-208			324				19  
	7			RL				560			139			264				20  
	8			RR				542			-104			362				19  
	9			LR				727			-127			237				19  
	10			RL				587			67			315				20  
	11			RL				584			263			227				20  
	12			RL				489			57			274				20  
	13			LR				347			-272			280				19  
	14			RR				429			-117			334				20  
	15			LR				433			-257			346				19  
	16			LL				454			186			418				20  
	17			RL				292			62			336				20  
	18			LR				586			-31			330				19  
	19			LL				204			172			427				20  
	20			RR				472			-72			373				19  
	21			LR				614			-219			347				19  
	22			RR				566			-147			351				19  
	23			LL				687			223			321				20  
	24			RL				659			158			426				20  
	25			RR				305			-260			414				19  
	26			LR				245			0			383				19  
	27			RL				636			197			370				20  
	28			LL				766			272			412				20  
	29			LL				232			26			364				20  
	30			RL				594			251			414				20  
	31			LR				747			-87			294				19  
	32			RR				608			-61			494				19  
	33			RL				318			106			401				20  
	34			LR				786			-259			251				19  
	35			RL				519			238			305				20  
	36			RL				466			52			283				20  
	37			LR				467			-195			282				19  
	38			LR				282			-237			285				19  
	39			LR				254			-281			295				19  
	40			LL				311			169			376				20  
	41			LL				239			255			328				20  
	42			RL				424			230			355				20  
	43			RR				554			-150			440				19  
	44			RR				776			-4			432				19  
	45			LR				721			-194			377				19  
	46			RR				620			-120			375				19  
	47			LR				730			-253			355				19  
	48			LR				541			-85			313				19  
	49			RL				439			218			341				20  
	50			RL				431			253			472				20  
	51			RR				787			-263			328				19  
	52			LL				724			182			361				20  
	53			RR				606			-157			358				19  
	54			RL				323			126			408				20  
	55			RL				333			246			385				20  
	56			LR				741			-208			407				19  
	57			LL				393			12			387				20  
	58			RL				326			141			423				20  
	59			LL				506			10			349				20  
	60			RL				364			218			385				20  
	61			RL				297			159			330				20  
	62			LR				250			-207			377				19  
	63			LL				633			138			375				20  
	64			LR				363			-58			325				19  
	65			LR				628			-226			397				19  
	66			LR				546			-23			325				19  
	67			RL				383			72			335				20  
	68			RR				409			-284			401				19  
	69			LR				705			-38			382				19  
	70			RL				726			189			527				20  
	71			RR				585			-48			440				19  
	72			RR				320			-157			550				19  
	73			RL				756			173			344				20  
	74			RR				446			-249			334				19  
	75			RL				569			101			394				20  
	76			LL				444			212			335				20  
	77			RL				492			130			425				20  
	78			RR				644			-107			380				19  
	79			RL				641			231			353				20  
	80			RL				722			147			425				20  
	81			LR				519			-110			322				19  
	82			LR				621			-96			420				19  
	83			LR				350			-3			521				19  
	84			RR				714			-274			463				19  
	85			LR				637			-177			402				19  
	86			RR				251			-245			376				19  
	87			LR				698			-114			417				19  
	88			LL				371			84			423				20  
	89			RR				597			-8			396				19  
	90			RL				483			183			371				20  
	91			LL				793			256			415				20  
	92			RR				425			-101			355				19  
	93			LL				628			210			349				20  
	94			RR				635			-151			418				19  
	95			RL				611			268			415				20  
	96			RR				383			-216			380				19  
	97			RL				298			16			389				20  
	98			RR				539			-29			377				19  
	99			RL				715			252			402				20  
	100			LL				733			152			353				20  
	101			LL				518			205			384				20  
	102			LR				457			-172			383				19  
	103			LL				669			211			355				20  
	104			RR				510			-210			314				19  
	105			RL				228			131			398				20  
	106			RR				792			-77			294				19  
	107			LL				645			260			332				20  
	108			RL				681			238			405				20  
	109			LR				743			-121			418				19  
	110			LR				674			-138			442				19  
	111			RR				394			-153			447				19  
	112			LR				225			-275			441				19  
	113			LL				587			29			406				20  
	114			RL				432			277			377				20  
	115			RL				273			149			386				20  
	116			RL				548			108			336				20  
	117			LR				710			-115			284				19  
	118			LL				656			283			338				20  
	119			LL				557			126			411				20  
	120			RR				211			-222			427				19  
	121			LL				502			184			322				20  
	122			LL				223			269			335				20  
	123			RR				201			-5			380				19  
	124			LR				262			-176			351				19  
	125			LR				243			-74			335				19  
	126			RR				556			-254			347				19  
	127			RR				785			-75			331				19  
	128			RL				427			125			384				20  
	129			LL				423			148			309				20  
	130			LL				687			111			306				20  
	131			RL				554			167			425				20  
	132			RL				341			236			392				20  
	133			RL				307			203			381				20  
	134			RR				319			-281			736				19  
	135			RR				688			-107			305				19  
	136			RL				244			100			397				20  
	137			LR				777			-51			329				19  
	138			RR				335			-218			337				19  
	139			LL				598			270			334				20  
	140			LL				309			41			362				20  
	141			RL				544			243			420				20  
	142			RR				296			-169			392				19  
	143			LL				791			97			264				20  
	144			LR				618			-54			346				19  
	145			LL				608			31			429				20  
	146			LL				234			179			363				20  
	147			LL				446			34			407				20  
	148			LR				553			-283			503				19  
	149			LL				412			67			429				20  
	150			LL				380			83			382				20  
	151			RR				468			-268			664				19  
	152			RR				378			-235			415				19  
	153			RR				734			-252			400				19  
	154			RL				338			41			472				20  
	155			LR				451			-62			360				19  
	156			LR				518			-105			537				19  
	157			RR				295			-137			376				19  
	158			LR				368			-233			320				19  
	159			RL				363			233			339				20  
	160			RR				504			0			428				19  
	161			LR				679			-217			297				19  
	162			RL				643			194			291				20  
	163			RL				536			167			366				20  
	164			RR				466			-54			435				19  
	165			LR				552			-135			320				19  
	166			RR				684			-233			308				19  
	167			RR				304			-162			414				19  
	168			LR				592			-260			342				19  
	169			RL				482			174			406				20  
	170			LL				372			173			347				20  
	171			RR				374			-14			437				19  
	172			RL				231			226			366				20  
	173			LL				639			121			385				20  
	174			RL				391			83			410				20  
	175			LL				504			164			443				20  
	176			RR				788			-111			633				19  
	177			LL				678			104			408				20  
	178			RR				420			-177			434				19  
	179			LR				367			-42			473				19  
	180			RL				732			53			782				20  
	181			RR				496			-6			329				19  
	182			RR				526			-170			482				19  
	183			RL				401			208			475				20  
	184			RR				657			-88			473				19  
	185			LR				231			-136			517				19  
	186			LR				576			-128			768				19  
	187			LL				210			171			502				20  
	188			RL				430			114			278				20  
	189			RR				202			-192			412				19  
	190			RR				292			-66			381				19  
	191			LR				404			-23			376				19  
	192			RR				416			-282			439				19  
	193			LL				774			177			403				20  
	194			RR				612			-164			246				19  
	195			RR				797			-10			270				19  
	196			RL				483			137			374				20  
	197			RL				753			206			368				20  
	198			RR				512			-94			465				19  
	199			RR				752			-62			457				19  
	200			LL				555			284			530				20  
	201			LR				694			-74			729				19  
	202			RR				744			-20			371				19  
	203			RR				736			-63			596				19  
	204			LR				509			-37			376				19  
	205			LR				254			-27			587				19  
	206			RR				277			-196			520				19  
	207			RR				566			-85			610				19  
	208			LR				400			-83			380				19  
	209			LR				599			-83			365				19  
	210			RR				730			-126			294				19  
	211			RL				726			267			557				20  
	212			RL				282			226			345				20  
	213			RL				326			172			392				20  
	214			LL				459			29			321				20  
	215			LL				538			170			365				20  
	216			LR				595			-161			321				19  
	217			RR				408			-129			463				19  
	218			LL				587			246			635				20  
	219			RR				762			-54			306				19  
	220			RR				336			-32			444				19  
	221			RL				602			246			344				20  
	222			RR				564			-147			339				19  
	223			LL				439			18			384				20  
	224			LR				201			-37			367				19  
	225			LL				262			81			396				20  
	226			RL				620			163			342				20  
	227			LL				358			134			405				20  
	228			RL				630			200			273				20  
	229			RL				547			170			295				20  
	230			RR				662			-107			393				19  
	231			LR				731			-9			324				19  
	232			LL				648			237			391				20  
	233			RL				358			239			422				20  
	234			RL				397			79			352				20  
	235			RL				476			80			318				20  
	236			LR				648			-269			284				19  
	237			RL				391			272			464				20  
	238			LR				672			-173			322				19  
	239			RR				492			-57			423				19  
	240			RL				250			6			378				20  
	241			RL				476			147			469				20  
	242			LR				497			-176			345				19  
	243			RL				395			33			292				20  
	244			RR				298			-177			360				19  
	245			LR				464			-64			390				19  
	246			LL				632			152			362				20  
	247			LR				598			-29			426				19  
	248			LL				569			111			316				20  
	249			RL				334			73			384				20  
