

#! index		TrType			CTOA		CTD			RT		KeyPressed
	0			LR				812			-43			438				19  
	1			RR				970			-193			563				20  
	2			RL				215			248			481				20  
	3			RL				368			246			366				20  
	4			LL				330			102			475				20  
	5			LL				209			128			420				20  
	6			LL				881			96			471				20  
	7			RL				651			122			429				20  
	8			RR				857			-241			315				19  
	9			RR				609			-109			349				19  
	10			RL				597			204			421				20  
	11			RL				718			172			362				20  
	12			RL				458			95			377				20  
	13			RR				353			-243			329				19  
	14			LL				243			20			377				20  
	15			LL				530			59			489				20  
	16			RR				888			-121			452				19  
	17			RL				358			44			692				20  
	18			LR				699			-26			381				19  
	19			RR				574			-12			352				19  
	20			LR				880			-218			383				19  
	21			RR				653			-126			367				19  
	22			LR				336			-41			377				19  
	23			LR				604			-15			323				19  
	24			RL				485			37			381				20  
	25			RR				543			-61			405				19  
	26			RR				710			-43			432				19  
	27			LL				249			187			402				20  
	28			RL				372			280			219				19  
	29			LL				446			233			694				19  
	30			RR				481			-42			292				19  
	31			RL				291			36			208				19  
	32			RL				646			123			343				20  
	33			LL				761			265			318				20  
	34			RL				805			137			367				20  
	35			RR				908			-126			356				19  
	36			RL				281			76			432				20  
	37			RL				404			82			309				20  
	38			RR				928			-267			333				19  
	39			LL				912			13			381				20  
	40			RL				763			4			379				20  
	41			RL				882			156			382				20  
	42			LL				985			71			462				20  
	43			RR				531			-131			487				19  
	44			RL				474			7			331				20  
	45			RL				857			5			314				20  
	46			RL				411			187			333				20  
	47			RR				625			-100			543				19  
	48			RR				855			-74			316				19  
	49			RL				803			137			340				20  
	50			LR				842			-14			387				19  
	51			LR				854			-210			348				19  
	52			LR				491			-280			377				19  
	53			RL				690			264			439				20  
	54			LL				257			178			360				20  
	55			RR				277			-60			375				19  
	56			LL				293			257			360				20  
	57			RL				817			241			325				20  
	58			LR				296			-200			324				19  
	59			LL				505			128			345				20  
	60			LL				890			257			314				20  
	61			RR				931			-57			333				19  
	62			LL				720			139			360				20  
	63			RR				704			-53			377				19  
	64			RR				643			-65			437				19  
	65			LL				343			27			369				20  
	66			LL				513			64			353				20  
	67			RR				434			-253			310				19  
	68			LL				310			105			342				20  
	69			LR				872			-172			453				19  
	70			LR				430			-183			405				19  
	71			LL				349			142			393				20  
	72			RR				511			-206			325				19  
	73			LR				901			-158			485				19  
	74			LL				250			131			431				20  
	75			LL				434			132			370				20  
	76			RL				510			167			417				20  
	77			RR				689			-136			359				19  
	78			LL				598			140			450				20  
	79			RR				893			-253			421				19  
	80			LL				575			41			383				20  
	81			LR				290			-90			393				19  
	82			RL				690			39			389				20  
	83			RL				466			169			368				20  
	84			RL				910			171			415				20  
	85			RR				479			-224			387				19  
	86			LR				851			-104			382				19  
	87			RR				519			-66			312				19  
	88			LR				901			-69			363				19  
	89			LR				493			-26			372				19  
	90			RR				402			-65			403				19  
	91			RR				518			-158			287				19  
	92			RL				772			76			397				20  
	93			RR				884			-245			317				19  
	94			RL				558			146			583				20  
	95			LL				237			131			415				20  
	96			RR				866			-226			368				19  
	97			LR				357			-211			356				19  
	98			LL				544			53			445				20  
	99			RL				739			142			462				20  
	100			RR				812			-80			391				19  
	101			LL				995			50			360				20  
	102			RR				638			-195			381				19  
	103			RR				852			-150			504				19  
	104			LL				737			72			435				20  
	105			LR				346			-95			397				19  
	106			LL				713			64			436				20  
	107			LR				548			-147			347				19  
	108			RL				340			195			374				20  
	109			LR				490			-62			344				19  
	110			LL				890			2			434				20  
	111			LL				316			55			367				20  
	112			RL				458			27			377				20  
	113			RL				206			244			388				20  
	114			LL				627			17			331				20  
	115			LR				830			-89			373				19  
	116			LL				297			114			384				20  
	117			LR				477			-195			328				19  
	118			RL				890			113			343				20  
	119			RR				638			-225			409				19  
	120			RR				813			-269			389				19  
	121			RR				819			-26			460				19  
	122			LR				975			-225			381				19  
	123			LR				253			-86			460				19  
	124			RR				937			-139			388				19  
	125			RL				985			244			553				20  
	126			RR				436			-247			337				19  
	127			LL				756			88			293				20  
	128			RR				502			-266			271				19  
	129			RL				821			261			413				20  
	130			LR				650			-218			308				19  
	131			LL				604			216			354				20  
	132			LL				676			20			465				20  
	133			LL				508			113			419				20  
	134			LL				749			73			329				20  
	135			LL				338			258			406				20  
	136			LR				222			-192			389				19  
	137			LL				914			225			455				20  
	138			LR				361			-220			351				19  
	139			LL				305			84			470				20  
	140			RL				237			168			382				20  
	141			LL				847			188			376				20  
	142			RR				652			-199			337				19  
	143			LL				711			230			306				20  
	144			RR				229			-238			389				19  
	145			LL				435			241			324				20  
	146			LL				358			42			415				20  
	147			RR				897			-42			366				19  
	148			LL				729			150			442				20  
	149			LR				544			-195			413				19  
	150			LR				781			-114			390				19  
	151			LL				454			178			320				20  
	152			RL				982			127			310				20  
	153			LR				741			-186			308				19  
	154			LR				585			-155			307				19  
	155			RL				452			174			351				20  
	156			RR				326			-200			417				19  
	157			RR				444			-197			361				19  
	158			LR				563			-251			306				19  
	159			RR				984			-57			428				19  
	160			RL				730			162			342				20  
	161			RR				252			-213			337				19  
	162			RR				752			-140			467				19  
	163			RL				308			249			404				20  
	164			LL				829			84			373				20  
	165			LR				463			-2			434				19  
	166			RL				950			263			404				20  
	167			RR				712			-202			338				19  
	168			LR				463			-44			385				19  
	169			LR				366			-9			560				19  
	170			RR				525			-182			372				19  
	171			LL				980			160			405				20  
	172			RL				777			132			577				20  
	173			RR				369			-12			374				19  
	174			RL				268			30			353				20  
	175			RR				504			-137			299				19  
	176			RR				511			-4			310				19  
	177			RL				449			245			295				19  
	178			RR				216			-43			481				19  
	179			LL				340			122			373				20  
	180			LR				366			-105			346				19  
	181			LR				877			-106			356				19  
	182			LL				527			19			491				20  
	183			LR				899			-257			333				19  
	184			LR				934			-147			391				19  
	185			RR				218			-132			375				19  
	186			LL				604			99			398				20  
	187			RL				618			249			400				20  
	188			RL				504			207			393				20  
	189			RL				626			225			361				20  
	190			RR				969			-73			262				19  
	191			RR				464			-200			338				19  
	192			LL				763			248			347				20  
	193			LL				818			70			505				20  
	194			RR				737			-202			281				19  
	195			LL				351			157			452				20  
	196			RL				721			224			421				20  
	197			LL				999			94			570				20  
	198			LR				897			-256			368				20  
	199			RR				678			-182			403				19  
	200			RR				509			-167			480				19  
	201			LR				714			-109			426				19  
	202			RR				476			-168			42				19  
	203			RL				370			191			353				20  
	204			LR				567			-191			298				19  
	205			RL				334			198			317				20  
	206			LL				776			63			356				20  
	207			LL				604			77			354				20  
	208			LL				868			201			538				20  
	209			RL				785			191			325				20  
	210			LL				495			170			309				20  
	211			RR				965			-244			360				19  
	212			LL				472			234			331				20  
	213			LR				944			-159			320				19  
	214			RR				681			-275			337				19  
	215			RR				417			-160			354				19  
	216			RL				971			232			369				20  
	217			LL				348			17			427				20  
	218			RR				565			-52			361				19  
	219			RL				328			258			385				20  
	220			LL				863			2			461				20  
	221			LL				541			217			295				20  
	222			LR				426			-244			348				19  
	223			LR				282			-47			371				19  
	224			RR				727			-266			612				19  
	225			LL				699			248			272				20  
	226			LL				348			150			392				20  
	227			LR				998			-196			347				19  
	228			RR				247			-195			435				19  
	229			RR				393			-118			291				19  
	230			RR				316			-147			304				19  
	231			LL				324			163			327				20  
	232			RL				932			276			331				20  
	233			RL				816			84			344				20  
	234			LR				948			-64			347				19  
	235			RR				894			-122			430				19  
	236			LL				788			170			293				20  
	237			LL				408			271			335				20  
	238			LL				958			217			333				20  
	239			LR				705			-208			375				19  
	240			RL				237			151			414				20  
	241			RL				649			216			337				20  
	242			RL				306			76			345				20  
	243			LR				280			-252			361				19  
	244			LR				518			-44			348				19  
	245			LL				699			15			412				20  
	246			RR				243			-38			439				19  
	247			LL				721			61			420				20  
	248			LL				682			101			337				20  
	249			RL				490			211			405				20  
