

#! index		TrType			CTOA		CTD			RT		KeyPressed
	0			RR				360			-227			713				19  
	1			RR				553			-15			736				19  
	2			LL				658			2			536				20  
	3			LR				317			-207			391				19  
	4			LR				403			-149			334				19  
	5			LL				264			103			500				20  
	6			LL				367			25			400				20  
	7			RL				663			96			411				20  
	8			RL				700			264			375				20  
	9			LL				894			124			392				20  
	10			LR				360			-91			407				19  
	11			RR				998			-50			366				19  
	12			LR				241			-120			799				19  
	13			RL				248			244			458				20  
	14			RR				828			-65			337				19  
	15			RR				447			-89			472				19  
	16			LL				737			102			366				20  
	17			RL				808			26			572				20  
	18			LR				278			-216			335				19  
	19			LL				217			275			471				20  
	20			LR				565			-105			375				19  
	21			LR				821			-61			391				19  
	22			LR				961			-181			358				19  
	23			LR				497			-58			332				19  
	24			LR				382			-7			386				19  
	25			RL				565			265			355				20  
	26			LR				815			-11			412				19  
	27			LL				302			209			404				20  
	28			LL				378			14			419				20  
	29			LL				983			67			395				20  
	30			RL				953			178			396				20  
	31			LR				447			-2			410				19  
	32			LR				618			-127			548				19  
	33			RL				327			269			380				20  
	34			RR				490			-64			369				19  
	35			LR				511			-233			379				19  
	36			LL				453			22			375				20  
	37			LR				486			-29			343				19  
	38			RL				272			64			403				20  
	39			LR				313			-105			333				19  
	40			LR				503			-277			354				19  
	41			RL				202			98			535				20  
	42			LR				209			-193			382				19  
	43			LR				566			-107			354				19  
	44			RR				520			-87			431				19  
	45			LL				700			197			330				20  
	46			LR				553			-241			398				19  
	47			RR				617			-36			608				20  
	48			RR				699			-181			406				19  
	49			LL				879			33			367				20  
	50			LR				374			-155			485				19  
	51			LR				349			-79			416				19  
	52			LR				625			-153			418				19  
	53			RR				366			-273			523				19  
	54			LR				667			-210			416				19  
	55			RR				912			-259			435				19  
	56			LR				665			-112			438				19  
	57			RR				541			-68			411				19  
	58			RL				643			50			429				20  
	59			LR				350			-72			661				19  
	60			RL				444			203			384				20  
	61			RR				880			-49			344				19  
	62			LR				303			-184			496				19  
	63			RL				733			164			370				20  
	64			LL				698			259			373				20  
	65			LL				488			246			432				20  
	66			RL				413			74			528				20  
	67			LL				728			51			426				20  
	68			RL				919			206			451				20  
	69			RR				260			-33			507				19  
	70			LL				463			207			364				20  
	71			RR				233			-149			566				19  
	72			LL				372			243			393				20  
	73			RL				889			111			397				20  
	74			LR				550			-145			428				19  
	75			RL				476			149			413				20  
	76			RR				366			-33			401				19  
	77			RL				575			38			438				20  
	78			RL				719			203			506				20  
	79			RL				498			135			637				20  
	80			RR				591			-155			390				19  
	81			RR				372			-131			424				19  
	82			LL				790			145			406				20  
	83			LL				672			64			462				20  
	84			LR				983			-161			425				19  
	85			RR				591			-75			591				19  
	86			LL				209			65			473				20  
	87			RL				301			245			466				20  
	88			LL				410			109			448				20  
	89			RL				979			281			828				20  
	90			LL				558			261			504				20  
	91			LL				992			253			479				20  
	92			RR				561			-21			479				19  
	93			RL				969			35			471				20  
	94			RL				349			174			510				20  
	95			LL				801			126			426				20  
	96			LL				212			138			567				20  
	97			LL				396			284			401				20  
	98			LR				282			-44			454				19  
	99			LR				588			-196			361				19  
	100			RR				576			-202			404				19  
	101			RR				508			-270			442				19  
	102			LR				419			-263			625				19  
	103			LR				479			-139			378				19  
	104			LR				579			-9			463				19  
	105			LL				267			19			836				20  
	106			LL				622			32			500				20  
	107			LR				209			-81			594				19  
	108			RL				205			206			597				20  
	109			LL				329			37			469				20  
	110			RL				879			282			439				20  
	111			RR				646			-239			488				19  
	112			LL				604			39			408				20  
	113			RL				542			114			368				20  
	114			LL				933			242			475				20  
	115			LL				960			13			512				20  
	116			RL				214			75			497				20  
	117			RL				305			207			585				20  
	118			RL				534			82			752				20  
	119			RR				312			-96			424				19  
	120			RL				417			245			353				20  
	121			LL				408			218			450				20  
	122			RL				278			270			458				20  
	123			LL				387			135			442				20  
	124			LL				706			136			457				20  
	125			LL				585			162			335				20  
	126			LL				623			52			329				20  
	127			LL				834			232			423				20  
	128			RL				614			128			569				20  
	129			RL				845			71			411				20  
	130			RR				316			-255			457				19  
	131			LL				202			28			443				20  
	132			LR				814			-231			411				19  
	133			RL				770			270			609				20  
	134			LL				350			0			479				20  
	135			RL				733			1			706				20  
	136			LL				388			7			561				20  
	137			LL				535			51			537				20  
	138			RL				387			215			474				20  
	139			LR				747			-133			570				19  
	140			LR				946			-128			403				19  
	141			LR				862			-198			395				19  
	142			LR				941			-10			499				19  
	143			RR				789			-175			558				19  
	144			LL				747			236			418				20  
	145			RR				748			-148			417				19  
	146			LL				752			211			382				20  
	147			LR				775			-216			480				19  
	148			RL				920			82			491				20  
	149			LR				723			-179			1175				19  
	150			LR				296			-32			471				19  
	151			LL				657			172			478				20  
	152			LL				413			246			568				20  
	153			RR				444			-238			384				19  
	154			RL				936			283			503				20  
	155			LL				797			234			673				20  
	156			RR				411			-251			602				19  
	157			RL				204			103			565				20  
	158			RL				808			22			505				20  
	159			LL				239			136			438				20  
	160			LR				742			-232			424				19  
	161			RR				834			-278			482				19  
	162			LL				516			17			772				20  
	163			LR				405			-253			484				19  
	164			LR				271			-112			404				19  
	165			LL				265			168			472				20  
	166			LR				919			-135			459				19  
	167			LR				824			-22			491				19  
	168			LL				314			166			424				20  
	169			LL				376			211			453				20  
	170			RR				758			-5			682				19  
	171			RL				608			249			618				20  
	172			LL				585			283			794				20  
	173			LR				634			-118			561				19  
	174			LR				542			-216			868				19  
	175			LR				857			-242			491				19  
	176			LR				528			-58			501				19  
	177			LL				907			162			442				20  
	178			LR				968			-196			470				19  
	179			RL				633			245			474				20  
	180			LL				426			202			492				20  
	181			RL				442			99			630				20  
	182			LL				339			110			429				20  
	183			RL				332			194			467				20  
	184			LL				663			18			532				20  
	185			RR				470			-151			725				19  
	186			LR				349			-256			602				19  
	187			LR				514			-11			468				19  
	188			LL				967			94			381				20  
	189			RR				717			-239			384				19  
	190			LL				604			13			409				20  
	191			LR				369			-218			388				19  
	192			RL				648			275			424				20  
	193			RL				956			202			394				20  
	194			LR				700			-251			343				19  
	195			RL				751			249			659				20  
	196			RR				375			-79			574				19  
	197			LL				292			161			445				20  
	198			LL				325			232			460				20  
	199			RR				589			-173			452				19  
	200			LR				460			-194			399				19  
	201			RL				498			16			574				20  
	202			LL				309			174			424				20  
	203			LL				280			93			455				20  
	204			RL				846			178			411				20  
	205			LR				749			-74			386				19  
	206			RL				647			23			395				20  
	207			RL				869			84			447				20  
	208			RR				521			-134			462				19  
	209			LR				372			-83			473				19  
	210			RL				857			176			415				20  
	211			LL				601			45			654				20  
	212			LL				647			73			458				20  
	213			LR				334			-86			983				19  
	214			LL				596			277			416				20  
	215			RR				295			-94			398				19  
	216			LR				502			-259			327				19  
	217			LL				567			172			354				20  
	218			RL				804			129			391				20  
	219			RR				380			-226			478				19  
	220			RL				614			129			369				20  
	221			LL				309			140			488				20  
	222			RL				435			190			425				20  
	223			RR				640			-268			360				19  
	224			LR				881			-6			454				19  
	225			LR				857			-226			428				19  
	226			RR				321			-34			508				19  
	227			LR				247			-82			459				19  
	228			LL				729			244			406				20  
	229			LR				291			-182			384				19  
	230			RR				923			-69			456				19  
	231			RR				486			-100			558				19  
	232			LL				879			4			396				20  
	233			RR				611			-243			525				19  
	234			RL				562			52			540				20  
	235			LR				579			-180			370				19  
	236			RL				413			131			448				20  
	237			RL				510			214			402				20  
	238			LR				740			-226			700				19  
	239			LR				623			-17			360				19  
	240			LR				334			-242			343				19  
	241			RL				529			220			346				20  
	242			RL				810			283			385				20  
	243			LL				823			217			369				20  
	244			RL				705			109			918				20  
	245			RR				852			-235			373				19  
	246			LR				558			-119			332				19  
	247			RL				927			21			390				20  
	248			LR				725			-111			500				19  
	249			RR				559			-234			470				19  
