

#! index		TrType			CTOA		CTD			RT		KeyPressed
	0			LR				498			-247			451				19  
	1			RL				742			55			414				20  
	2			RL				506			155			334				20  
	3			LR				208			-278			481				19  
	4			RR				416			-88			427				19  
	5			RL				407			147			464				20  
	6			LL				537			159			448				20  
	7			LL				320			121			389				20  
	8			LL				942			144			702				20  
	9			RR				246			-153			612				19  
	10			LR				218			-272			506				19  
	11			LL				912			131			414				20  
	12			LR				266			-56			408				19  
	13			LR				701			-168			291				19  
	14			RL				680			116			438				20  
	15			RR				927			-18			345				19  
	16			LR				541			-72			392				19  
	17			RL				988			135			368				20  
	18			LR				528			-171			369				19  
	19			RL				932			162			385				20  
	20			RL				561			259			344				20  
	21			LR				524			-264			332				19  
	22			LR				892			-93			342				19  
	23			LL				249			211			495				20  
	24			RL				721			121			413				20  
	25			RL				247			104			471				20  
	26			LL				299			209			458				20  
	27			LL				502			70			493				20  
	28			LR				882			-196			328				19  
	29			LR				562			-54			494				19  
	30			RR				215			-204			481				19  
	31			LL				941			36			387				20  
	32			LL				881			178			540				20  
	33			LL				343			214			382				20  
	34			RR				935			-135			366				19  
	35			RR				474			-31			363				19  
	36			RR				767			-48			364				19  
	37			LR				552			-62			302				19  
	38			LL				749			192			541				20  
	39			RL				500			13			464				20  
	40			RL				651			248			373				20  
	41			RL				422			28			421				20  
	42			LR				524			-56			342				19  
	43			RL				224			101			444				20  
	44			RL				824			47			361				20  
	45			RR				403			-10			427				19  
	46			RL				490			9			368				20  
	47			LL				627			116			421				20  
	48			RR				800			-181			408				19  
	49			LL				539			89			388				20  
	50			RL				576			3			389				20  
	51			RR				472			-182			355				19  
	52			LR				552			-33			286				19  
	53			LR				709			-221			332				19  
	54			LL				994			100			396				20  
	55			LR				327			-77			346				19  
	56			RR				357			-258			424				19  
	57			LR				384			-278			306				19  
	58			LL				710			209			369				20  
	59			RL				418			247			543				20  
	60			RR				669			-161			326				19  
	61			LR				679			-155			393				19  
	62			RR				389			-264			513				19  
	63			LR				483			-97			482				19  
	64			LR				302			-152			464				19  
	65			RL				583			280			400				20  
	66			RR				801			-226			419				19  
	67			RR				722			-39			532				19  
	68			RL				701			67			416				20  
	69			RR				487			-216			386				19  
	70			LR				380			-214			338				19  
	71			LL				832			23			433				20  
	72			LR				466			-244			360				19  
	73			RL				407			75			399				20  
	74			RR				678			-190			344				19  
	75			LR				304			-65			386				19  
	76			LL				289			283			432				20  
	77			RL				924			280			438				20  
	78			LR				235			-175			356				19  
	79			RL				423			147			404				20  
	80			RR				229			0			424				19  
	81			RL				829			26			380				20  
	82			LL				894			119			452				20  
	83			LR				778			-27			355				19  
	84			RR				989			-258			404				20  
	85			LL				723			54			423				20  
	86			LL				908			64			454				20  
	87			LL				901			262			370				20  
	88			LL				886			67			504				20  
	89			LR				576			-261			373				19  
	90			LR				988			-234			340				19  
	91			LL				991			147			403				20  
	92			LL				263			155			489				20  
	93			RR				596			-237			358				19  
	94			RR				672			-204			401				19  
	95			LR				594			-209			339				19  
	96			LR				745			-246			366				19  
	97			LL				927			256			462				20  
	98			LL				862			278			578				20  
	99			RL				251			95			406				20  
	100			LR				984			-208			501				19  
	101			LR				840			-260			338				19  
	102			RL				451			274			421				20  
	103			LL				885			210			370				20  
	104			RL				750			141			388				20  
	105			LL				523			260			457				20  
	106			RR				309			-60			397				19  
	107			RL				200			110			398				20  
	108			RL				917			120			344				20  
	109			RL				898			265			372				20  
	110			RL				365			120			400				20  
	111			LR				948			-257			644				19  
	112			RL				876			132			332				20  
	113			RL				845			148			389				20  
	114			LR				633			-47			357				19  
	115			RL				229			87			457				20  
	116			RR				957			-37			548				19  
	117			RR				325			-246			453				19  
	118			RL				635			121			390				20  
	119			RL				973			14			481				20  
	120			RR				916			-187			440				19  
	121			RL				453			17			474				20  
	122			RL				374			223			370				20  
	123			LR				743			-103			499				19  
	124			RR				358			-179			482				19  
	125			RR				490			-84			413				19  
	126			RR				736			-29			376				19  
	127			LL				840			260			394				20  
	128			RL				730			176			590				20  
	129			RL				269			55			498				20  
	130			LR				309			-279			487				19  
	131			RR				833			-199			437				19  
	132			RR				882			-74			494				19  
	133			RL				708			181			494				20  
	134			RR				996			-156			330				19  
	135			LL				697			142			404				20  
	136			RR				934			-113			413				19  
	137			RL				217			129			480				20  
	138			LR				946			-14			410				19  
	139			LR				639			-176			416				19  
	140			RL				794			22			432				20  
	141			LR				777			-245			339				19  
	142			LL				534			244			512				20  
	143			RR				744			-151			397				19  
	144			RR				452			-115			474				19  
	145			LR				890			-184			471				19  
	146			LR				490			-157			400				19  
	147			LR				807			-74			429				19  
	148			LR				368			-181			628				19  
	149			RR				409			-26			435				19  
	150			RL				902			197			459				20  
	151			LR				965			-22			337				19  
	152			RR				851			-92			341				19  
	153			LR				734			-57			291				19  
	154			RR				359			-21			392				19  
	155			RL				683			163			398				20  
	156			LL				398			281			404				20  
	157			RR				840			-120			368				19  
	158			RR				249			-226			434				19  
	159			LR				756			-202			301				19  
	160			LL				831			106			377				20  
	161			LL				584			216			382				20  
	162			RR				648			-160			311				19  
	163			RL				906			12			412				20  
	164			RR				266			-241			332				19  
	165			LR				325			-144			327				19  
	166			RL				781			152			413				19  
	167			LR				769			-90			409				19  
	168			LR				306			-89			438				19  
	169			LL				938			163			444				20  
	170			RR				706			-201			457				19  
	171			LR				204			-228			521				19  
	172			LL				809			201			515				20  
	173			RR				457			-79			416				19  
	174			RR				493			-14			378				19  
	175			LL				368			122			498				20  
	176			RR				773			-15			559				19  
	177			RL				398			137			473				20  
	178			RL				651			277			398				20  
	179			RL				902			43			491				20  
	180			LR				558			-36			339				19  
	181			LR				323			-166			393				19  
	182			LL				961			170			448				20  
	183			LR				724			-140			570				19  
	184			RL				946			135			654				20  
	185			RR				987			-174			458				19  
	186			RL				531			135			400				20  
	187			RR				576			-14			532				19  
	188			LR				962			-217			386				19  
	189			LR				938			-111			362				19  
	190			RR				260			-187			393				19  
	191			RR				361			-264			359				19  
	192			RR				826			-273			376				19  
	193			RL				502			88			419				20  
	194			LR				896			-8			374				19  
	195			LR				475			-274			331				19  
	196			RR				963			-173			442				19  
	197			LR				543			-144			374				19  
	198			LR				583			-275			381				19  
	199			LL				391			86			505				20  
