

#! index		TrOrder		TrType			CTOA		CTD			RT		KeyPressed
	0			23			LL			200			0			421				20  
	1			4			LR			200			0			513				19  
	2			8			RL			200			0			512				20  
	3			0			RR			200			0			637				19  
	4			20			LL			200			286			422				20  
	5			17			LR			200			0			421				19  
	6			5			RL			200			0			482				20  
	7			11			RR			200			-286			420				19  
	8			18			LL			400			0			436				20  
	9			19			LR			400			0			403				19  
	10			15			RL			400			0			498				20  
	11			12			RR			400			0			436				19  
	12			10			LL			400			286			528				20  
	13			27			LR			400			0			404				19  
	14			21			RL			400			0			465				20  
	15			25			RR			400			-286			404				19  
	16			28			LL			600			0			387				20  
	17			2			LR			600			0			358				19  
	18			1			RL			600			0			449				20  
	19			13			RR			600			0			386				19  
	20			24			LL			600			286			449				20  
	21			29			LR			600			0			450				19  
	22			9			RL			600			0			480				20  
	23			3			RR			600			-286			724				19  
	24			22			LL			800			0			433				20  
	25			7			LR			800			0			495				19  
	26			16			RL			800			0			400				20  
	27			14			RR			800			0			371				19  
	28			26			LL			800			286			462				20  
	29			6			LR			800			0			401				19  
	30			30			RL			800			0			463				20  
	31			31			RR			800			-286			401				19  
	32			85			LL			200			0			481				20  
	33			119			LL			200			0			513				20  
	34			113			LL			200			0			483				20  
	35			61			LL			200			0			452				20  
	36			94			LR			200			0			422				19  
	37			79			LR			200			0			421				19  
	38			120			LR			200			0			419				19  
	39			121			LR			200			0			451				19  
	40			42			RL			200			0			482				20  
	41			75			RL			200			0			442				20  
	42			72			RL			200			0			482				20  
	43			102			RL			200			0			452				20  
	44			115			RR			200			0			422				19  
	45			76			RR			200			0			418				19  
	46			56			RR			200			0			469				19  
	47			151			RR			200			0			422				19  
	48			124			LL			200			286			453				20  
	49			70			LL			200			286			467				20  
	50			100			LL			200			286			559				20  
	51			132			LL			200			286			406				20  
	52			131			LR			200			0			556				19  
	53			150			LR			200			0			574				19  
	54			91			LR			200			0			436				19  
	55			92			LR			200			0			422				19  
	56			140			RL			200			0			514				20  
	57			111			RL			200			0			484				20  
	58			88			RL			200			0			484				20  
	59			66			RL			200			0			543				20  
	60			71			RR			200			-286			421				19  
	61			127			RR			200			-286			438				20  
	62			87			RR			200			-286			388				19  
	63			148			RR			200			-286			483				19  
	64			130			LL			400			0			548				20  
	65			43			LL			400			0			465				20  
	66			145			LL			400			0			527				20  
	67			134			LL			400			0			455				20  
	68			41			LR			400			0			465				19  
	69			126			LR			400			0			403				19  
	70			83			LR			400			0			405				19  
	71			37			LR			400			0			496				19  
	72			86			RL			400			0			436				20  
	73			156			RL			400			0			498				20  
	74			122			RL			400			0			405				20  
	75			157			RL			400			0			516				20  
	76			59			RR			400			0			374				19  
	77			90			RR			400			0			312				19  
	78			158			RR			400			0			389				19  
	79			149			RR			400			0			464				19  
	80			40			LL			400			286			465				20  
	81			129			LL			400			286			586				20  
	82			73			LL			400			286			405				20  
	83			154			LL			400			286			374				20  
	84			98			LR			400			0			434				19  
	85			80			LR			400			0			436				19  
	86			49			LR			400			0			403				19  
	87			53			LR			400			0			466				19  
	88			110			RL			400			0			434				20  
	89			107			RL			400			0			435				20  
	90			99			RL			400			0			466				20  
	91			106			RL			400			0			403				20  
	92			112			RR			400			-286			373				19  
	93			93			RR			400			-286			404				19  
	94			142			RR			400			-286			433				19  
	95			46			RR			400			-286			696				19  
	96			136			LL			600			0			479				20  
	97			103			LL			600			0			510				20  
	98			97			LL			600			0			541				20  
	99			159			LL			600			0			388				20  
	100			143			LR			600			0			480				19  
	101			57			LR			600			0			357				19  
	102			138			LR			600			0			479				19  
	103			135			LR			600			0			448				19  
	104			118			RL			600			0			511				20  
	105			137			RL			600			0			502				20  
	106			104			RL			600			0			510				20  
	107			123			RL			600			0			448				20  
	108			35			RR			600			0			448				19  
	109			34			RR			600			0			389				19  
	110			146			RR			600			0			326				19  
	111			141			RR			600			0			479				19  
	112			144			LL			600			286			418				20  
	113			38			LL			600			286			419				20  
	114			89			LL			600			286			386				20  
	115			78			LL			600			286			357				20  
	116			63			LR			600			0			356				19  
	117			152			LR			600			0			418				19  
	118			55			LR			600			0			416				19  
	119			69			LR			600			0			434				19  
	120			58			RL			600			0			449				20  
	121			74			RL			600			0			448				20  
	122			52			RL			600			0			539				20  
	123			147			RL			600			0			464				20  
	124			133			RR			600			-286			389				19  
	125			68			RR			600			-286			479				19  
	126			32			RR			600			-286			632				19  
	127			84			RR			600			-286			541				19  
	128			108			LL			800			0			433				20  
	129			60			LL			800			0			401				20  
	130			82			LL			800			0			521				20  
	131			105			LL			800			0			485				20  
	132			77			LR			800			0			357				19  
	133			64			LR			800			0			341				19  
	134			67			LR			800			0			340				19  
	135			44			LR			800			0			342				19  
	136			153			RL			800			0			370				20  
	137			54			RL			800			0			464				20  
	138			65			RL			800			0			433				20  
	139			33			RL			800			0			432				20  
	140			51			RR			800			0			480				19  
	141			128			RR			800			0			645				19  
	142			109			RR			800			0			492				19  
	143			45			RR			800			0			356				19  
	144			96			LL			800			286			402				20  
	145			114			LL			800			286			371				20  
	146			39			LL			800			286			463				20  
	147			155			LL			800			286			340				20  
	148			116			LR			800			0			372				19  
	149			36			LR			800			0			403				19  
	150			47			LR			800			0			372				19  
	151			48			LR			800			0			403				19  
	152			125			RL			800			0			431				20  
	153			62			RL			800			0			401				20  
	154			81			RL			800			0			434				20  
	155			117			RL			800			0			460				20  
	156			95			RR			800			-286			385				19  
	157			50			RR			800			-286			432				19  
	158			139			RR			800			-286			369				19  
	159			101			RR			800			-286			402				19  
