

#! index		TrOrder		TrType			CTOA		CTD			RT		KeyPressed
	0			25			LL			200			0			569				20  
	1			30			LR			200			0			567				19  
	2			6			RL			200			0			720				20  
	3			12			RR			200			0			691				19  
	4			3			LL			200			286			631				20  
	5			22			LR			200			0			503				19  
	6			24			RL			200			0			603				20  
	7			1			RR			200			-286			630				19  
	8			26			LL			400			0			403				20  
	9			19			LR			400			0			463				19  
	10			28			RL			400			0			435				20  
	11			7			RR			400			0			647				19  
	12			9			LL			400			286			490				20  
	13			16			LR			400			0			465				19  
	14			20			RL			400			0			494				20  
	15			31			RR			400			-286			496				19  
	16			5			LL			600			0			570				20  
	17			4			LR			600			0			449				19  
	18			23			RL			600			0			505				20  
	19			21			RR			600			0			632				19  
	20			13			LL			600			286			568				20  
	21			15			LR			600			0			480				19  
	22			27			RL			600			0			567				20  
	23			0			RR			600			-286			967				19  
	24			29			LL			800			0			460				20  
	25			11			LR			800			0			462				19  
	26			17			RL			800			0			550				20  
	27			10			RR			800			0			707				19  
	28			8			LL			800			286			645				20  
	29			2			LR			800			0			614				19  
	30			14			RL			800			0			584				20  
	31			18			RR			800			-286			646				19  
	32			70			LL			200			0			423				20  
	33			127			LL			200			0			473				20  
	34			134			LL			200			0			500				20  
	35			75			LL			200			0			479				20  
	36			88			LR			200			0			474				19  
	37			147			LR			200			0			503				19  
	38			101			LR			200			0			534				19  
	39			157			LR			200			0			628				19  
	40			105			RL			200			0			414				20  
	41			96			RL			200			0			440				20  
	42			93			RL			200			0			476				20  
	43			112			RL			200			0			504				20  
	44			57			RR			200			0			594				19  
	45			90			RR			200			0			471				19  
	46			109			RR			200			0			473				19  
	47			65			RR			200			0			554				19  
	48			79			LL			200			286			444				20  
	49			107			LL			200			286			351				20  
	50			121			LL			200			286			566				19  
	51			151			LL			200			286			563				20  
	52			131			LR			200			0			505				19  
	53			124			LR			200			0			502				19  
	54			139			LR			200			0			596				19  
	55			32			LR			200			0			538				19  
	56			34			RL			200			0			566				20  
	57			45			RL			200			0			524				20  
	58			51			RL			200			0			475				20  
	59			133			RL			200			0			504				20  
	60			39			RR			200			-286			432				19  
	61			149			RR			200			-286			474				19  
	62			36			RR			200			-286			569				19  
	63			122			RR			200			-286			445				19  
	64			43			LL			400			0			477				20  
	65			59			LL			400			0			648				20  
	66			110			LL			400			0			464				20  
	67			156			LL			400			0			526				20  
	68			116			LR			400			0			491				19  
	69			40			LR			400			0			448				19  
	70			106			LR			400			0			434				19  
	71			144			LR			400			0			400				19  
	72			92			RL			400			0			486				20  
	73			68			RL			400			0			466				20  
	74			63			RL			400			0			554				20  
	75			67			RL			400			0			429				20  
	76			62			RR			400			0			619				19  
	77			113			RR			400			0			555				19  
	78			141			RR			400			0			597				19  
	79			86			RR			400			0			475				19  
	80			153			LL			400			286			403				20  
	81			158			LL			400			286			494				20  
	82			120			LL			400			286			614				20  
	83			73			LL			400			286			465				20  
	84			42			LR			400			0			372				19  
	85			69			LR			400			0			461				19  
	86			136			LR			400			0			497				19  
	87			83			LR			400			0			459				19  
	88			41			RL			400			0			580				20  
	89			53			RL			400			0			403				20  
	90			99			RL			400			0			310				20  
	91			58			RL			400			0			494				20  
	92			54			RR			400			-286			464				19  
	93			46			RR			400			-286			463				19  
	94			102			RR			400			-286			434				19  
	95			74			RR			400			-286			403				19  
	96			81			LL			600			0			417				20  
	97			76			LL			600			0			417				20  
	98			61			LL			600			0			445				20  
	99			38			LL			600			0			682				20  
	100			135			LR			600			0			508				19  
	101			159			LR			600			0			448				19  
	102			52			LR			600			0			323				19  
	103			77			LR			600			0			538				19  
	104			154			RL			600			0			539				20  
	105			137			RL			600			0			539				20  
	106			56			RL			600			0			416				20  
	107			35			RL			600			0			471				20  
	108			60			RR			600			0			448				19  
	109			129			RR			600			0			417				19  
	110			138			RR			600			0			477				19  
	111			87			RR			600			0			356				19  
	112			95			LL			600			286			539				20  
	113			48			LL			600			286			1169				20  
	114			104			LL			600			286			389				20  
	115			33			LL			600			286			400				20  
	116			64			LR			600			0			537				19  
	117			140			LR			600			0			388				19  
	118			44			LR			600			0			357				19  
	119			94			LR			600			0			509				19  
	120			84			RL			600			0			510				20  
	121			117			RL			600			0			449				20  
	122			114			RL			600			0			629				20  
	123			125			RL			600			0			481				20  
	124			130			RR			600			-286			517				19  
	125			142			RR			600			-286			527				19  
	126			118			RR			600			-286			385				19  
	127			66			RR			600			-286			783				19  
	128			115			LL			800			0			399				20  
	129			80			LL			800			0			489				20  
	130			155			LL			800			0			668				20  
	131			128			LL			800			0			555				20  
	132			50			LR			800			0			459				19  
	133			119			LR			800			0			399				19  
	134			143			LR			800			0			362				19  
	135			55			LR			800			0			600				19  
	136			72			RL			800			0			307				20  
	137			150			RL			800			0			522				20  
	138			145			RL			800			0			399				20  
	139			146			RL			800			0			337				20  
	140			47			RR			800			0			399				19  
	141			152			RR			800			0			550				19  
	142			97			RR			800			0			464				19  
	143			126			RR			800			0			583				19  
	144			100			LL			800			286			493				20  
	145			89			LL			800			286			463				20  
	146			108			LL			800			286			581				20  
	147			78			LL			800			286			523				20  
	148			85			LR			800			0			428				19  
	149			91			LR			800			0			459				19  
	150			49			LR			800			0			401				19  
	151			111			LR			800			0			352				19  
	152			37			RL			800			0			537				20  
	153			132			RL			800			0			706				20  
	154			123			RL			800			0			614				20  
	155			98			RL			800			0			368				20  
	156			82			RR			800			-286			428				19  
	157			148			RR			800			-286			460				19  
	158			103			RR			800			-286			488				19  
	159			71			RR			800			-286			579				19  
