

#! index		TrOrder		TrType			CTOA		CTD			RT		KeyPressed
	0			19			LL			200			0			732				20  
	1			1			LR			200			0			212				20  
	2			4			RL			200			0			396				20  
	3			3			RR			200			0			547				19  
	4			0			LL			200			286			731				19  
	5			7			LR			200			0			517				19  
	6			5			RL			200			0			394				20  
	7			28			RR			200			-286			611				19  
	8			11			LL			400			0			593				20  
	9			9			LR			400			0			491				19  
	10			26			RL			400			0			409				20  
	11			12			RR			400			0			469				19  
	12			15			LL			400			286			499				20  
	13			10			LR			400			0			346				19  
	14			2			RL			400			0			470				20  
	15			13			RR			400			-286			530				19  
	16			24			LL			600			0			454				20  
	17			17			LR			600			0			484				19  
	18			23			RL			600			0			512				20  
	19			25			RR			600			0			514				19  
	20			31			LL			600			286			576				20  
	21			27			LR			600			0			437				19  
	22			21			RL			600			0			635				20  
	23			6			RR			600			-286			483				19  
	24			30			LL			800			0			496				20  
	25			20			LR			800			0			406				19  
	26			8			RL			800			0			315				20  
	27			22			RR			800			0			377				19  
	28			18			LL			800			286			465				20  
	29			16			LR			800			0			436				19  
	30			29			RL			800			0			437				20  
	31			14			RR			800			-286			437				19  
	32			43			LL			200			0			518				20  
	33			50			LL			200			0			601				20  
	34			96			LL			200			0			396				20  
	35			33			LR			200			0			486				19  
	36			75			LR			200			0			397				19  
	37			42			LR			200			0			517				19  
	38			113			RL			200			0			455				20  
	39			123			RL			200			0			457				20  
	40			34			RL			200			0			517				20  
	41			35			RR			200			0			486				19  
	42			67			RR			200			0			447				19  
	43			70			RR			200			0			425				19  
	44			78			LL			200			286			457				20  
	45			65			LL			200			286			394				20  
	46			101			LL			200			286			427				20  
	47			57			LR			200			0			426				19  
	48			122			LR			200			0			547				19  
	49			98			LR			200			0			484				19  
	50			47			RL			200			0			426				20  
	51			71			RL			200			0			395				20  
	52			91			RL			200			0			395				20  
	53			54			RR			200			-286			457				19  
	54			104			RR			200			-286			487				19  
	55			40			RR			200			-286			455				19  
	56			52			LL			400			0			530				20  
	57			38			LL			400			0			501				20  
	58			84			LL			400			0			438				20  
	59			73			LR			400			0			378				19  
	60			39			LR			400			0			408				19  
	61			118			LR			400			0			377				19  
	62			81			RL			400			0			590				20  
	63			110			RL			400			0			378				20  
	64			37			RL			400			0			438				20  
	65			68			RR			400			0			438				19  
	66			79			RR			400			0			438				19  
	67			109			RR			400			0			408				19  
	68			72			LL			400			286			439				20  
	69			53			LL			400			286			408				20  
	70			80			LL			400			286			378				20  
	71			115			LR			400			0			529				19  
	72			64			LR			400			0			439				19  
	73			82			LR			400			0			379				19  
	74			102			RL			400			0			438				20  
	75			124			RL			400			0			306				20  
	76			88			RL			400			0			399				20  
	77			126			RR			400			-286			498				19  
	78			48			RR			400			-286			377				19  
	79			36			RR			400			-286			530				19  
	80			100			LL			600			0			635				20  
	81			66			LL			600			0			454				20  
	82			90			LL			600			0			577				20  
	83			106			LR			600			0			421				19  
	84			87			LR			600			0			422				19  
	85			61			LR			600			0			330				19  
	86			45			RL			600			0			391				20  
	87			58			RL			600			0			421				20  
	88			55			RL			600			0			545				20  
	89			83			RR			600			0			514				19  
	90			95			RR			600			0			420				19  
	91			59			RR			600			0			422				19  
	92			62			LL			600			286			414				20  
	93			112			LL			600			286			444				20  
	94			60			LL			600			286			362				20  
	95			108			LR			600			0			361				19  
	96			56			LR			600			0			361				19  
	97			32			LR			600			0			453				19  
	98			117			RL			600			0			392				20  
	99			63			RL			600			0			483				20  
	100			76			RL			600			0			513				20  
	101			69			RR			600			-286			484				19  
	102			105			RR			600			-286			421				19  
	103			51			RR			600			-286			412				19  
	104			92			LL			800			0			404				20  
	105			93			LL			800			0			407				20  
	106			114			LL			800			0			436				20  
	107			49			LR			800			0			406				19  
	108			119			LR			800			0			606				19  
	109			97			LR			800			0			406				19  
	110			41			RL			800			0			436				20  
	111			111			RL			800			0			344				20  
	112			46			RL			800			0			466				20  
	113			103			RR			800			0			437				19  
	114			86			RR			800			0			436				19  
	115			116			RR			800			0			469				19  
	116			121			LL			800			286			466				20  
	117			77			LL			800			286			437				20  
	118			99			LL			800			286			406				20  
	119			89			LR			800			0			343				19  
	120			94			LR			800			0			423				19  
	121			107			LR			800			0			391				19  
	122			85			RL			800			0			406				20  
	123			74			RL			800			0			343				20  
	124			120			RL			800			0			345				20  
	125			44			RR			800			-286			497				19  
	126			127			RR			800			-286			530				19  
	127			125			RR			800			-286			498				19  
