

#! index		TrOrder		TrType			CTOA		CTD			RT		KeyPressed
	0			2			LL			200			0			419				20  
	1			0			LR			200			0			753				19  
	2			8			RL			200			0			388				20  
	3			29			RR			200			0			388				19  
	4			28			LL			200			286			357				20  
	5			12			LR			200			0			359				19  
	6			21			RL			200			0			419				20  
	7			14			RR			200			-286			388				19  
	8			15			LL			400			0			370				20  
	9			6			LR			400			0			404				19  
	10			20			RL			400			0			373				20  
	11			13			RR			400			0			282				19  
	12			30			LL			400			286			281				20  
	13			25			LR			400			0			343				19  
	14			5			RL			400			0			467				20  
	15			9			RR			400			-286			220				19  
	16			31			LL			600			0			389				20  
	17			11			LR			600			0			328				19  
	18			18			RL			600			0			356				20  
	19			22			RR			600			0			326				19  
	20			19			LL			600			286			328				20  
	21			27			LR			600			0			387				19  
	22			7			RL			600			0			324				20  
	23			17			RR			600			-286			297				19  
	24			16			LL			800			0			403				20  
	25			26			LR			800			0			295				19  
	26			3			RL			800			0			341				20  
	27			10			RR			800			0			402				19  
	28			24			LL			800			286			494				20  
	29			1			LR			800			0			584				19  
	30			23			RL			800			0			555				20  
	31			4			RR			800			-286			431				19  
	32			140			LL			200			0			481				20  
	33			156			LL			200			0			388				20  
	34			127			LL			200			0			388				20  
	35			99			LL			200			0			634				20  
	36			148			LR			200			0			449				19  
	37			115			LR			200			0			405				19  
	38			91			LR			200			0			510				19  
	39			141			LR			200			0			419				19  
	40			138			RL			200			0			439				20  
	41			60			RL			200			0			376				20  
	42			48			RL			200			0			450				20  
	43			155			RL			200			0			439				20  
	44			69			RR			200			0			448				19  
	45			41			RR			200			0			603				19  
	46			112			RR			200			0			448				19  
	47			143			RR			200			0			418				19  
	48			146			LL			200			286			420				20  
	49			111			LL			200			286			695				20  
	50			85			LL			200			286			435				19  
	51			154			LL			200			286			420				20  
	52			44			LR			200			0			451				19  
	53			157			LR			200			0			405				19  
	54			124			LR			200			0			450				19  
	55			122			LR			200			0			450				19  
	56			80			RL			200			0			509				20  
	57			54			RL			200			0			389				20  
	58			50			RL			200			0			497				20  
	59			149			RL			200			0			388				20  
	60			159			RR			200			-286			542				19  
	61			98			RR			200			-286			448				20  
	62			93			RR			200			-286			572				19  
	63			106			RR			200			-286			479				20  
	64			97			LL			400			0			496				20  
	65			114			LL			400			0			374				20  
	66			92			LL			400			0			404				20  
	67			47			LL			400			0			310				20  
	68			109			LR			400			0			434				19  
	69			45			LR			400			0			451				19  
	70			132			LR			400			0			344				19  
	71			66			LR			400			0			433				19  
	72			94			RL			400			0			372				20  
	73			95			RL			400			0			404				20  
	74			90			RL			400			0			343				20  
	75			39			RL			400			0			373				20  
	76			137			RR			400			0			342				19  
	77			49			RR			400			0			435				19  
	78			71			RR			400			0			312				19  
	79			100			RR			400			0			462				19  
	80			33			LL			400			286			310				20  
	81			116			LL			400			286			679				20  
	82			103			LL			400			286			465				20  
	83			53			LL			400			286			373				20  
	84			58			LR			400			0			312				19  
	85			145			LR			400			0			374				19  
	86			38			LR			400			0			419				19  
	87			59			LR			400			0			311				19  
	88			63			RL			400			0			343				20  
	89			104			RL			400			0			435				20  
	90			67			RL			400			0			342				20  
	91			129			RL			400			0			311				20  
	92			113			RR			400			-286			436				20  
	93			65			RR			400			-286			589				19  
	94			43			RR			400			-286			619				20  
	95			151			RR			400			-286			370				19  
	96			73			LL			600			0			388				20  
	97			108			LL			600			0			387				20  
	98			102			LL			600			0			449				20  
	99			34			LL			600			0			297				20  
	100			105			LR			600			0			387				19  
	101			131			LR			600			0			327				19  
	102			139			LR			600			0			387				19  
	103			35			LR			600			0			446				19  
	104			70			RL			600			0			560				20  
	105			107			RL			600			0			449				20  
	106			42			RL			600			0			359				20  
	107			83			RL			600			0			418				20  
	108			81			RR			600			0			449				19  
	109			75			RR			600			0			540				19  
	110			51			RR			600			0			387				19  
	111			121			RR			600			0			693				19  
	112			142			LL			600			286			358				20  
	113			36			LL			600			286			326				20  
	114			88			LL			600			286			782				20  
	115			150			LL			600			286			603				20  
	116			117			LR			600			0			316				19  
	117			144			LR			600			0			327				19  
	118			40			LR			600			0			409				19  
	119			79			LR			600			0			404				19  
	120			128			RL			600			0			344				20  
	121			118			RL			600			0			418				20  
	122			56			RL			600			0			325				20  
	123			133			RL			600			0			325				20  
	124			68			RR			600			-286			357				19  
	125			87			RR			600			-286			414				20  
	126			134			RR			600			-286			971				19  
	127			96			RR			600			-286			510				19  
	128			130			LL			800			0			342				20  
	129			110			LL			800			0			463				20  
	130			72			LL			800			0			463				20  
	131			84			LL			800			0			403				20  
	132			147			LR			800			0			429				19  
	133			123			LR			800			0			584				19  
	134			125			LR			800			0			340				19  
	135			37			LR			800			0			341				19  
	136			64			RL			800			0			460				20  
	137			77			RL			800			0			495				20  
	138			46			RL			800			0			342				20  
	139			126			RL			800			0			340				20  
	140			120			RR			800			0			401				19  
	141			62			RR			800			0			402				19  
	142			152			RR			800			0			400				19  
	143			52			RR			800			0			433				19  
	144			86			LL			800			286			401				19  
	145			61			LL			800			286			339				20  
	146			82			LL			800			286			492				20  
	147			136			LL			800			286			447				20  
	148			89			LR			800			0			340				19  
	149			76			LR			800			0			516				19  
	150			158			LR			800			0			341				19  
	151			55			LR			800			0			310				19  
	152			57			RL			800			0			341				20  
	153			119			RL			800			0			399				20  
	154			78			RL			800			0			371				20  
	155			32			RL			800			0			341				20  
	156			101			RR			800			-286			523				19  
	157			74			RR			800			-286			311				19  
	158			135			RR			800			-286			340				19  
	159			153			RR			800			-286			310				19  
