

#! index		TrOrder		TrType			CTOA		CTD			RT		KeyPressed
	0			1			LL			200			0			1058				20  
	1			2			LR			200			0			934				19  
	2			28			RL			200			0			478				20  
	3			15			RR			200			0			537				19  
	4			11			LL			200			286			660				20  
	5			26			LR			200			0			602				19  
	6			7			RL			200			0			477				20  
	7			3			RR			200			-286			814				19  
	8			4			LL			400			0			769				20  
	9			27			LR			400			0			431				19  
	10			21			RL			400			0			401				20  
	11			14			RR			400			0			553				19  
	12			0			LL			400			286			5325				19  
	13			6			LR			400			0			737				19  
	14			20			RL			400			0			463				20  
	15			18			RR			400			-286			494				19  
	16			16			LL			600			0			506				20  
	17			29			LR			600			0			382				19  
	18			19			RL			600			0			384				20  
	19			30			RR			600			0			363				19  
	20			12			LL			600			286			477				20  
	21			10			LR			600			0			538				19  
	22			17			RL			600			0			559				20  
	23			31			RR			600			-286			379				19  
	24			24			LL			800			0			430				20  
	25			5			LR			800			0			1040				19  
	26			8			RL			800			0			766				20  
	27			13			RR			800			0			705				19  
	28			23			LL			800			286			369				20  
	29			22			LR			800			0			461				19  
	30			25			RL			800			0			398				20  
	31			9			RR			800			-286			582				19  
	32			106			LL			200			0			417				20  
	33			112			LL			200			0			386				20  
	34			142			LL			200			0			477				20  
	35			105			LL			200			0			447				20  
	36			54			LR			200			0			416				19  
	37			145			LR			200			0			387				19  
	38			125			LR			200			0			393				19  
	39			98			LR			200			0			387				19  
	40			89			RL			200			0			385				20  
	41			33			RL			200			0			445				20  
	42			97			RL			200			0			508				20  
	43			44			RL			200			0			445				20  
	44			43			RR			200			0			447				19  
	45			53			RR			200			0			352				19  
	46			55			RR			200			0			508				19  
	47			67			RR			200			0			446				19  
	48			143			LL			200			286			417				20  
	49			151			LL			200			286			415				20  
	50			107			LL			200			286			384				20  
	51			49			LL			200			286			569				20  
	52			110			LR			200			0			414				19  
	53			156			LR			200			0			432				19  
	54			127			LR			200			0			493				19  
	55			109			LR			200			0			447				19  
	56			35			RL			200			0			399				20  
	57			119			RL			200			0			355				20  
	58			84			RL			200			0			438				20  
	59			147			RL			200			0			477				20  
	60			129			RR			200			-286			385				19  
	61			40			RR			200			-286			417				19  
	62			134			RR			200			-286			385				19  
	63			81			RR			200			-286			354				19  
	64			96			LL			400			0			390				20  
	65			41			LL			400			0			367				20  
	66			64			LL			400			0			401				20  
	67			87			LL			400			0			361				20  
	68			149			LR			400			0			371				19  
	69			114			LR			400			0			402				19  
	70			37			LR			400			0			402				19  
	71			131			LR			400			0			342				19  
	72			34			RL			400			0			362				20  
	73			138			RL			400			0			462				20  
	74			88			RL			400			0			341				20  
	75			38			RL			400			0			371				20  
	76			93			RR			400			0			372				19  
	77			52			RR			400			0			367				19  
	78			58			RR			400			0			386				19  
	79			158			RR			400			0			401				19  
	80			66			LL			400			286			340				20  
	81			99			LL			400			286			340				20  
	82			122			LL			400			286			370				20  
	83			82			LL			400			286			341				20  
	84			50			LR			400			0			524				19  
	85			71			LR			400			0			369				19  
	86			118			LR			400			0			402				19  
	87			60			LR			400			0			340				19  
	88			86			RL			400			0			372				20  
	89			148			RL			400			0			309				20  
	90			117			RL			400			0			402				20  
	91			144			RL			400			0			340				20  
	92			42			RR			400			-286			373				19  
	93			123			RR			400			-286			341				19  
	94			104			RR			400			-286			370				19  
	95			139			RR			400			-286			402				19  
	96			32			LL			600			0			434				20  
	97			76			LL			600			0			324				20  
	98			69			LL			600			0			323				20  
	99			75			LL			600			0			507				20  
	100			74			LR			600			0			386				19  
	101			130			LR			600			0			355				19  
	102			91			LR			600			0			354				19  
	103			56			LR			600			0			324				19  
	104			141			RL			600			0			384				20  
	105			85			RL			600			0			321				20  
	106			115			RL			600			0			355				20  
	107			70			RL			600			0			354				20  
	108			101			RR			600			0			354				19  
	109			72			RR			600			0			331				19  
	110			126			RR			600			0			342				19  
	111			80			RR			600			0			382				19  
	112			65			LL			600			286			355				20  
	113			36			LL			600			286			354				20  
	114			137			LL			600			286			355				20  
	115			128			LL			600			286			355				20  
	116			108			LR			600			0			323				19  
	117			132			LR			600			0			382				19  
	118			39			LR			600			0			293				19  
	119			146			LR			600			0			354				19  
	120			92			RL			600			0			324				20  
	121			79			RL			600			0			387				20  
	122			157			RL			600			0			446				20  
	123			124			RL			600			0			384				20  
	124			90			RR			600			-286			383				19  
	125			153			RR			600			-286			354				19  
	126			73			RR			600			-286			355				19  
	127			95			RR			600			-286			386				19  
	128			111			LL			800			0			389				20  
	129			152			LL			800			0			417				20  
	130			77			LL			800			0			368				20  
	131			136			LL			800			0			428				20  
	132			68			LR			800			0			385				19  
	133			116			LR			800			0			431				19  
	134			62			LR			800			0			369				19  
	135			94			LR			800			0			368				19  
	136			45			RL			800			0			489				20  
	137			133			RL			800			0			368				20  
	138			51			RL			800			0			400				20  
	139			83			RL			800			0			399				20  
	140			61			RR			800			0			307				19  
	141			155			RR			800			0			339				19  
	142			113			RR			800			0			334				19  
	143			63			RR			800			0			397				19  
	144			47			LL			800			286			431				20  
	145			140			LL			800			286			431				20  
	146			78			LL			800			286			337				20  
	147			59			LL			800			286			368				20  
	148			102			LR			800			0			337				19  
	149			57			LR			800			0			335				19  
	150			46			LR			800			0			337				19  
	151			150			LR			800			0			369				19  
	152			154			RL			800			0			292				20  
	153			121			RL			800			0			339				20  
	154			48			RL			800			0			334				20  
	155			159			RL			800			0			414				20  
	156			135			RR			800			-286			307				19  
	157			120			RR			800			-286			399				19  
	158			100			RR			800			-286			398				19  
	159			103			RR			800			-286			338				19  
