

#! index		TrType			CTOA		CTD			RT		KeyPressed
	0			RR				443			-257			353				19  
	1			LL				657			281			259				20  
	2			RL				226			149			350				20  
	3			LR				211			-282			377				19  
	4			LL				365			47			308				20  
	5			RL				633			178			316				20  
	6			LR				351			-18			352				19  
	7			LR				360			-219			373				19  
	8			LR				512			-173			284				19  
	9			RR				692			-195			377				19  
	10			LR				235			-178			344				19  
	11			RR				956			-207			358				19  
	12			RR				943			-126			372				19  
	13			RR				562			-269			462				19  
	14			LL				553			26			427				20  
	15			RL				686			195			323				20  
	16			RR				386			-43			309				19  
	17			LL				437			139			326				20  
	18			LR				251			-256			361				19  
	19			LL				736			256			365				20  
	20			LL				484			57			374				20  
	21			LL				982			21			363				20  
	22			RR				764			-280			307				19  
	23			LR				317			-258			356				19  
	24			RR				270			-8			339				19  
	25			LR				344			-200			358				19  
	26			RL				892			159			361				20  
	27			LL				215			176			469				20  
	28			LL				605			19			363				20  
	29			RR				523			-38			423				19  
	30			LL				441			69			324				20  
	31			LL				601			85			346				20  
	32			RR				660			-81			319				19  
	33			RR				645			-207			382				19  
	34			LL				567			173			350				20  
	35			LL				591			27			328				20  
	36			LL				351			234			321				20  
	37			LL				798			239			303				20  
	38			RL				492			263			425				20  
	39			LL				546			192			361				20  
	40			LR				654			-223			417				19  
	41			RR				849			-248			342				19  
	42			LR				290			-189			382				19  
	43			RR				519			-171			305				19  
	44			LR				300			-179			341				19  
	45			RR				786			-239			285				19  
	46			LL				863			260			329				20  
	47			RR				719			-1			289				19  
	48			LL				589			172			328				20  
	49			RL				526			174			483				20  
	50			LL				265			261			195				20  
	51			LL				892			207			299				20  
	52			LL				787			30			342				20  
	53			RL				517			14			339				20  
	54			RL				997			128			308				20  
	55			LR				700			-97			371				19  
	56			LL				569			121			378				20  
	57			RR				497			-72			359				19  
	58			LR				500			-127			418				19  
	59			RR				984			-21			270				19  
	60			RR				670			-77			309				19  
	61			RL				603			79			131				19  
	62			LR				382			-114			505				19  
	63			RR				468			-262			418				19  
	64			RR				508			-161			304				19  
	65			LR				869			-269			385				19  
	66			RR				343			-42			388				19  
	67			LR				681			-1			421				19  
	68			RL				883			100			371				20  
	69			RL				440			28			355				20  
	70			LL				499			267			378				20  
	71			RL				715			181			386				20  
	72			RR				938			-19			439				19  
	73			LR				457			-256			401				19  
	74			RL				392			207			463				20  
	75			RL				843			51			347				20  
	76			RL				797			26			326				20  
	77			LR				916			-108			337				19  
	78			LL				921			12			333				20  
	79			LR				401			-196			365				19  
	80			RR				482			-262			373				19  
	81			LR				430			-186			336				19  
	82			LR				937			-176			347				19  
	83			RL				992			261			292				20  
	84			RR				911			-171			356				19  
	85			RR				692			-35			379				19  
	86			RL				835			235			356				20  
	87			LR				909			-36			313				19  
	88			LR				413			-81			414				19  
	89			RL				448			211			317				20  
	90			RR				996			-163			387				19  
	91			LL				930			14			415				20  
	92			LL				652			128			387				20  
	93			LL				345			49			415				20  
	94			LL				277			38			305				20  
	95			RL				758			257			373				20  
	96			LR				856			-118			337				19  
	97			LR				715			-235			263				19  
	98			RL				817			38			314				20  
	99			RR				243			-199			430				19  
	100			RR				836			-175			328				19  
	101			RR				495			-234			331				19  
	102			LR				535			-270			317				19  
	103			RL				895			18			329				20  
	104			RL				233			20			471				20  
	105			LR				340			-198			365				19  
	106			LL				260			31			412				20  
	107			RR				590			-118			358				19  
	108			RL				448			281			348				20  
	109			RL				554			247			302				20  
	110			LR				311			-212			361				19  
	111			RR				802			-152			301				19  
	112			LL				657			254			322				20  
	113			LL				614			122			241				20  
	114			LL				666			18			342				20  
	115			LR				724			-113			317				19  
	116			LR				479			-157			393				19  
	117			RR				567			-100			290				19  
	118			LL				899			263			385				20  
	119			RL				887			156			428				20  
	120			RR				780			-276			352				19  
	121			RL				574			216			313				20  
	122			LL				201			276			411				20  
	123			RL				913			13			340				20  
	124			LL				455			47			462				20  
	125			RR				506			-132			381				20  
	126			LL				823			238			339				20  
	127			RL				464			198			392				20  
	128			RL				744			247			327				20  
	129			LR				680			-136			321				19  
	130			LL				317			66			382				20  
	131			RL				291			211			348				20  
	132			RL				896			233			328				20  
	133			LR				870			-118			416				19  
	134			RR				907			-170			408				19  
	135			LL				241			123			461				20  
	136			RR				612			-176			307				19  
	137			LR				481			-75			344				19  
	138			RR				237			-223			436				19  
	139			RL				929			45			386				20  
	140			RL				512			75			343				20  
	141			RR				698			-238			373				19  
	142			RL				489			116			366				20  
	143			RL				343			249			359				20  
	144			LR				675			-188			332				19  
	145			LR				352			-235			443				19  
	146			RR				698			-220			343				19  
	147			LR				392			-13			402				19  
	148			LR				603			-1			376				19  
	149			LR				429			-160			364				19  
	150			RL				557			76			361				20  
	151			LR				768			-24			363				19  
	152			RL				636			221			332				20  
	153			RR				962			-86			318				19  
	154			LR				861			-204			303				19  
	155			RL				587			51			329				20  
	156			LR				448			-45			378				19  
	157			LR				265			-140			407				19  
	158			RR				303			-248			493				19  
	159			LR				307			-45			305				19  
	160			RL				757			240			313				20  
	161			LR				970			-42			313				19  
	162			RR				238			-232			557				19  
	163			RR				858			-188			396				19  
	164			RR				300			-28			373				19  
	165			LR				871			-208			354				19  
	166			RL				214			280			565				20  
	167			RL				341			135			329				20  
	168			RR				734			-134			307				19  
	169			RR				629			-215			317				19  
	170			RL				758			138			374				20  
	171			RL				632			264			321				20  
	172			RL				749			260			290				20  
	173			LR				600			-242			348				19  
	174			RL				327			175			314				20  
	175			LR				406			-247			667				19  
	176			LR				988			-122			297				19  
	177			RL				972			19			526				20  
	178			LR				551			-240			304				19  
	179			RR				927			-213			420				19  
	180			LR				730			-100			371				19  
	181			LL				316			262			386				20  
	182			RL				255			151			1122				20  
	183			LL				983			277			486				20  
	184			LR				862			-151			360				19  
	185			RL				554			266			328				20  
	186			RL				447			101			348				20  
	187			RL				789			271			342				20  
	188			LL				845			61			377				20  
	189			RR				719			-4			412				19  
	190			RL				517			147			309				20  
	191			RR				797			-159			334				19  
	192			RR				730			-81			311				19  
	193			RR				355			-146			318				19  
	194			RL				330			257			372				20  
	195			LL				755			156			315				20  
	196			LR				702			-51			420				19  
	197			LL				985			222			453				20  
	198			RR				945			-233			339				19  
	199			RL				316			218			357				20  
	200			RR				330			-106			406				19  
	201			RL				743			36			359				20  
	202			LR				388			-273			316				19  
	203			RL				616			217			333				20  
	204			RL				226			112			439				20  
	205			LR				947			-134			367				19  
	206			LL				585			245			271				20  
	207			LL				729			281			403				20  
	208			RR				552			-261			289				19  
	209			LL				405			141			298				20  
	210			LR				215			-135			410				19  
	211			RR				514			-56			404				20  
	212			LL				618			167			331				20  
	213			RL				581			48			368				20  
	214			RR				390			-261			375				19  
	215			RL				705			102			336				20  
	216			LL				282			122			359				20  
	217			RR				969			-136			331				19  
	218			LR				956			-131			360				19  
	219			RL				889			168			350				20  
	220			RL				486			251			536				20  
	221			RR				865			-243			328				19  
	222			LR				223			-16			471				19  
	223			RR				692			-224			348				19  
	224			LL				828			155			355				20  
	225			RR				761			-68			340				19  
	226			RR				247			-119			457				19  
	227			RR				588			-73			296				19  
	228			RR				970			-152			407				19  
	229			RL				538			19			440				20  
	230			LL				208			178			348				20  
	231			RR				912			-163			404				19  
	232			RR				792			-12			370				19  
	233			RL				837			283			355				20  
	234			LR				665			-50			375				19  
	235			LL				300			284			312				20  
	236			LL				492			262			303				20  
	237			RL				826			228			337				20  
	238			RL				230			179			440				20  
	239			RR				657			-91			533				19  
	240			RR				712			-105			390				19  
	241			RR				411			-71			324				19  
	242			RL				869			45			294				20  
	243			LR				903			-196			350				19  
	244			RR				897			-285			434				19  
	245			LL				239			3			586				20  
	246			LR				235			-23			439				19  
	247			LL				968			183			316				20  
	248			LR				807			-46			353				19  
	249			RR				511			-30			515				19  
