

#! index		TrOrder		TrType			CTOA		CTD			RT		KeyPressed
	0			1			LL			200			0			400				20  
	1			25			LR			200			0			390				19  
	2			27			RL			200			0			352				20  
	3			30			RR			200			0			568				19  
	4			29			LL			200			286			454				19  
	5			0			LR			200			0			750				19  
	6			7			RL			200			0			453				20  
	7			3			RR			200			-286			490				19  
	8			24			LL			400			0			474				20  
	9			21			LR			400			0			344				19  
	10			16			RL			400			0			351				20  
	11			31			RR			400			0			379				19  
	12			12			LL			400			286			409				20  
	13			20			LR			400			0			499				19  
	14			28			RL			400			0			290				20  
	15			15			RR			400			-286			335				19  
	16			22			LL			600			0			450				20  
	17			8			LR			600			0			396				19  
	18			6			RL			600			0			482				20  
	19			11			RR			600			0			397				19  
	20			14			LL			600			286			362				20  
	21			4			LR			600			0			335				19  
	22			9			RL			600			0			383				20  
	23			2			RR			600			-286			671				19  
	24			17			LL			800			0			452				20  
	25			19			LR			800			0			401				19  
	26			26			RL			800			0			344				20  
	27			18			RR			800			0			342				19  
	28			23			LL			800			286			374				20  
	29			10			LR			800			0			407				19  
	30			5			RL			800			0			472				20  
	31			13			RR			800			-286			361				19  
	32			101			LL			200			0			551				20  
	33			86			LL			200			0			393				20  
	34			91			LL			200			0			515				20  
	35			111			LR			200			0			363				19  
	36			106			LR			200			0			397				19  
	37			65			LR			200			0			521				19  
	38			99			RL			200			0			450				20  
	39			116			RL			200			0			366				20  
	40			81			RL			200			0			488				20  
	41			35			RR			200			0			443				19  
	42			64			RR			200			0			491				19  
	43			66			RR			200			0			413				19  
	44			63			LL			200			286			611				20  
	45			75			LL			200			286			407				20  
	46			69			LL			200			286			392				20  
	47			113			LR			200			0			361				19  
	48			92			LR			200			0			430				19  
	49			58			LR			200			0			178				20  
	50			125			RL			200			0			429				20  
	51			36			RL			200			0			423				20  
	52			124			RL			200			0			420				20  
	53			53			RR			200			-286			540				19  
	54			74			RR			200			-286			427				19  
	55			98			RR			200			-286			423				19  
	56			38			LL			400			0			345				20  
	57			82			LL			400			0			505				20  
	58			118			LL			400			0			467				20  
	59			43			LR			400			0			396				19  
	60			90			LR			400			0			461				19  
	61			50			LR			400			0			439				19  
	62			71			RL			400			0			493				20  
	63			110			RL			400			0			464				20  
	64			62			RL			400			0			438				20  
	65			68			RR			400			0			505				19  
	66			46			RR			400			0			609				19  
	67			85			RR			400			0			436				19  
	68			126			LL			400			286			658				20  
	69			122			LL			400			286			406				20  
	70			40			LL			400			286			534				20  
	71			47			LR			400			0			412				19  
	72			59			LR			400			0			560				19  
	73			93			LR			400			0			382				19  
	74			49			RL			400			0			411				20  
	75			45			RL			400			0			671				20  
	76			112			RL			400			0			352				20  
	77			60			RR			400			-286			407				19  
	78			119			RR			400			-286			391				19  
	79			55			RR			400			-286			405				19  
	80			33			LL			600			0			410				20  
	81			70			LL			600			0			506				20  
	82			96			LL			600			0			483				20  
	83			73			LR			600			0			455				19  
	84			109			LR			600			0			358				19  
	85			115			LR			600			0			322				19  
	86			97			RL			600			0			409				20  
	87			94			RL			600			0			451				20  
	88			52			RL			600			0			400				20  
	89			37			RR			600			0			392				19  
	90			117			RR			600			0			380				19  
	91			83			RR			600			0			421				19  
	92			51			LL			600			286			472				20  
	93			102			LL			600			286			416				20  
	94			44			LL			600			286			355				20  
	95			41			LR			600			0			312				19  
	96			76			LR			600			0			364				19  
	97			108			LR			600			0			316				19  
	98			79			RL			600			0			386				20  
	99			84			RL			600			0			447				20  
	100			39			RL			600			0			355				20  
	101			104			RR			600			-286			388				19  
	102			61			RR			600			-286			453				19  
	103			34			RR			600			-286			335				19  
	104			48			LL			800			0			563				20  
	105			87			LL			800			0			500				20  
	106			121			LL			800			0			411				20  
	107			78			LR			800			0			471				19  
	108			120			LR			800			0			395				19  
	109			80			LR			800			0			319				19  
	110			103			RL			800			0			430				20  
	111			95			RL			800			0			430				20  
	112			107			RL			800			0			441				20  
	113			32			RR			800			0			393				19  
	114			88			RR			800			0			373				19  
	115			57			RR			800			0			375				19  
	116			56			LL			800			286			366				20  
	117			100			LL			800			286			429				20  
	118			72			LL			800			286			590				20  
	119			105			LR			800			0			375				19  
	120			42			LR			800			0			381				19  
	121			89			LR			800			0			512				19  
	122			114			RL			800			0			365				20  
	123			127			RL			800			0			405				20  
	124			123			RL			800			0			425				20  
	125			54			RR			800			-286			455				19  
	126			77			RR			800			-286			441				19  
	127			67			RR			800			-286			572				19  
