

#! index		TrType			CTOA		CTD			RT		KeyPressed
	0			LR				680			-185			380				19  
	1			LL				515			118			409				20  
	2			RL				290			119			416				20  
	3			LL				414			73			477				20  
	4			LR				398			-192			341				19  
	5			LR				525			-90			337				19  
	6			RR				579			-141			299				19  
	7			LL				663			203			349				20  
	8			LR				707			-89			368				19  
	9			RR				604			-29			351				19  
	10			RL				359			161			381				20  
	11			RR				879			-177			381				19  
	12			LL				410			92			347				20  
	13			LR				743			-163			361				19  
	14			RL				947			271			314				20  
	15			LL				685			117			420				20  
	16			LR				937			-69			351				19  
	17			LL				533			110			482				20  
	18			RL				301			207			348				20  
	19			LL				551			205			372				20  
	20			LR				633			-88			309				19  
	21			LR				286			-84			332				19  
	22			RL				783			113			447				20  
	23			LL				242			218			404				20  
	24			LL				699			108			410				20  
	25			RL				659			114			385				20  
	26			RL				987			256			395				20  
	27			LL				382			278			359				20  
	28			LL				691			195			383				20  
	29			RL				471			256			422				20  
	30			LL				245			89			575				20  
	31			LR				493			-165			308				19  
	32			LL				730			29			316				20  
	33			LL				246			88			401				20  
	34			RL				856			128			362				20  
	35			LR				358			-56			351				19  
	36			LR				678			-248			338				19  
	37			LR				596			-273			358				19  
	38			LL				574			48			411				20  
	39			LR				321			-235			297				19  
	40			RL				239			5			411				20  
	41			RR				490			-92			402				19  
	42			RL				952			102			552				20  
	43			RL				235			127			443				20  
	44			LR				483			-44			349				19  
	45			RL				844			126			352				20  
	46			LL				203			203			447				20  
	47			RL				899			59			443				20  
	48			LL				864			91			333				20  
	49			LR				200			-220			417				19  
	50			LR				860			-79			335				19  
	51			RL				877			43			322				20  
	52			RL				337			197			402				20  
	53			RL				624			81			330				20  
	54			LL				979			200			341				20  
	55			RR				304			-90			376				19  
	56			RR				657			-150			388				19  
	57			RR				426			-67			419				19  
	58			RL				593			117			355				20  
	59			RL				848			211			442				20  
	60			LR				665			-33			409				19  
	61			LR				888			-244			342				19  
	62			LR				210			-153			538				19  
	63			RR				762			-75			405				19  
	64			RR				991			-98			362				19  
	65			LL				752			65			355				20  
	66			RL				204			34			717				20  
	67			RR				625			-252			484				19  
	68			LR				813			-136			386				19  
	69			LL				342			21			428				20  
	70			RR				933			-141			388				19  
	71			RL				225			218			387				20  
	72			RL				910			57			349				20  
	73			LR				540			-48			352				19  
	74			LR				751			-32			326				19  
	75			LL				225			54			445				20  
	76			LL				409			239			363				20  
	77			RL				504			219			327				20  
	78			LR				411			-54			382				19  
	79			RL				794			120			311				20  
	80			LR				853			-67			346				19  
	81			RL				449			260			353				20  
	82			LR				259			-171			358				19  
	83			RR				420			-283			382				19  
	84			RL				556			106			336				20  
	85			RL				648			126			398				20  
	86			RR				800			-147			398				19  
	87			LL				670			35			372				20  
	88			LR				484			-142			317				19  
	89			LL				636			14			335				20  
	90			LL				974			148			347				20  
	91			LR				364			-6			489				20  
	92			LR				293			-117			386				19  
	93			RL				773			65			396				20  
	94			LL				765			209			403				20  
	95			RL				262			77			437				20  
	96			LR				615			-19			340				19  
	97			LL				228			71			444				20  
	98			LR				327			-198			413				19  
	99			RR				725			-252			380				19  
	100			RR				766			-253			340				19  
	101			LL				382			58			358				20  
	102			LL				400			170			339				20  
	103			RR				730			-74			408				19  
	104			RL				913			106			469				20  
	105			RL				700			13			315				20  
	106			LL				917			134			364				20  
	107			LR				973			-138			338				19  
	108			LR				372			-243			429				19  
	109			LL				928			218			392				20  
	110			RR				833			-185			335				19  
	111			LL				743			210			456				20  
	112			LR				906			-268			354				19  
	113			RR				582			-246			338				19  
	114			RR				791			-140			345				19  
	115			LR				290			-56			328				19  
	116			LR				328			-121			351				19  
	117			LR				705			-195			339				19  
	118			RL				291			29			327				20  
	119			LR				972			-51			493				19  
	120			LL				784			276			903				20  
	121			RR				502			-280			360				19  
	122			RR				289			-69			465				19  
	123			LR				241			-49			376				19  
	124			LL				931			283			390				20  
	125			LL				524			125			390				20  
	126			LR				683			-223			422				19  
	127			RR				222			-25			478				19  
	128			LL				769			175			336				20  
	129			RR				852			-14			471				19  
	130			RL				997			79			355				20  
	131			LL				970			53			506				20  
	132			LL				954			279			611				20  
	133			LR				350			-70			481				19  
	134			LL				487			72			407				20  
	135			RL				481			106			412				20  
	136			LL				831			186			398				20  
	137			LL				655			161			392				20  
	138			RR				726			-168			411				19  
	139			RL				418			166			445				20  
	140			RL				459			87			374				20  
	141			RL				683			115			331				20  
	142			RL				832			176			643				20  
	143			RR				814			-252			385				19  
	144			LL				211			17			447				20  
	145			RL				413			185			347				20  
	146			LR				711			-239			364				19  
	147			RR				434			-15			365				19  
	148			RL				885			280			375				20  
	149			RR				558			-207			366				19  
	150			LL				224			134			478				20  
	151			RR				468			-49			425				19  
	152			RL				793			235			376				20  
	153			LR				487			-188			345				19  
	154			LR				394			-244			393				19  
	155			RL				443			114			389				20  
	156			LL				961			210			387				20  
	157			RL				831			183			339				20  
	158			LR				873			-59			356				19  
	159			RR				859			-12			400				19  
	160			RR				640			-58			360				19  
	161			LL				215			278			433				20  
	162			RR				354			-151			356				19  
	163			LR				212			-244			415				19  
	164			RL				739			55			431				20  
	165			RR				622			-228			454				19  
	166			RR				943			-12			361				19  
	167			RL				734			166			373				20  
	168			LR				448			-279			323				19  
	169			LR				613			-234			326				19  
	170			RR				649			-199			336				19  
	171			RR				814			-259			324				19  
	172			LL				792			245			344				20  
	173			LL				415			49			509				20  
	174			RL				298			207			411				20  
	175			LL				453			167			441				20  
	176			LL				292			113			449				20  
	177			RR				327			-285			412				19  
	178			LL				793			126			498				20  
	179			RL				775			203			480				20  
	180			LL				632			150			381				20  
	181			LL				389			104			504				20  
	182			RL				314			112			363				20  
	183			LL				201			126			416				20  
	184			LL				338			46			402				20  
	185			LR				919			-117			370				19  
	186			RL				588			168			337				20  
	187			RL				907			124			565				20  
	188			LR				907			-169			353				19  
	189			LL				461			76			341				20  
	190			RL				229			144			385				20  
	191			RR				651			-145			424				19  
	192			LL				943			71			380				20  
	193			LL				458			75			364				20  
	194			LR				811			-114			346				19  
	195			LL				940			244			352				20  
	196			RL				469			120			363				20  
	197			RL				940			43			380				20  
	198			LR				489			-177			375				19  
	199			RR				964			-231			508				19  
	200			RR				378			-154			363				19  
	201			LR				781			-144			325				19  
	202			LR				387			-176			322				19  
	203			RL				588			207			319				20  
	204			LR				799			-3			309				19  
	205			LR				319			-55			391				19  
	206			RL				203			247			383				20  
	207			RL				541			120			322				20  
	208			RR				662			-245			352				19  
	209			RR				360			-178			411				19  
	210			LL				208			122			508				20  
	211			RR				641			-227			309				19  
	212			LL				247			25			402				20  
	213			RL				740			203			366				20  
	214			LR				521			-27			403				19  
	215			LR				530			-115			362				19  
	216			LR				687			-15			326				19  
	217			RR				580			-178			342				19  
	218			LR				916			-160			313				19  
	219			RL				803			128			701				20  
	220			RL				503			161			390				20  
	221			LL				845			115			372				20  
	222			LR				680			-135			365				19  
	223			RR				753			-9			370				19  
	224			LR				521			-97			340				19  
	225			RR				597			-228			327				19  
	226			LR				921			-74			338				19  
	227			RR				963			-42			387				19  
	228			RR				664			-175			384				19  
	229			RL				312			80			395				20  
	230			RR				672			-274			342				19  
	231			RL				323			54			356				20  
	232			LR				645			-137			339				19  
	233			RR				225			-127			416				19  
	234			LR				251			-232			484				19  
	235			RR				524			-169			339				19  
	236			RR				362			-281			315				19  
	237			RL				570			242			393				20  
	238			LR				688			-173			348				19  
	239			LR				380			-35			327				19  
	240			LL				606			4			379				20  
	241			LL				575			205			378				20  
	242			RR				729			-5			315				19  
	243			RR				314			-3			365				19  
	244			RR				671			-116			407				19  
	245			LR				521			-86			340				19  
	246			LR				996			-27			474				19  
	247			RR				982			-242			340				19  
	248			RL				860			50			395				20  
	249			RR				546			-185			316				19  
