

#! index		TrOrder		TrType			CTOA		CTD			RT		KeyPressed
	0			17			LL			200			0			539				20  
	1			29			LR			200			0			476				19  
	2			19			RL			200			0			384				20  
	3			6			RR			200			0			477				19  
	4			26			LL			200			286			477				20  
	5			12			LR			200			0			415				19  
	6			9			RL			200			0			535				20  
	7			5			RR			200			-286			844				19  
	8			31			LL			400			0			550				20  
	9			0			LR			400			0			551				19  
	10			27			RL			400			0			428				20  
	11			24			RR			400			0			427				19  
	12			13			LL			400			286			643				20  
	13			1			LR			400			0			397				19  
	14			22			RL			400			0			305				20  
	15			18			RR			400			-286			397				19  
	16			2			LL			600			0			412				20  
	17			4			LR			600			0			320				19  
	18			14			RL			600			0			351				20  
	19			21			RR			600			0			412				19  
	20			7			LL			600			286			503				20  
	21			25			LR			600			0			349				19  
	22			10			RL			600			0			350				20  
	23			30			RR			600			-286			550				19  
	24			15			LL			800			0			364				20  
	25			3			LR			800			0			426				19  
	26			20			RL			800			0			302				20  
	27			23			RR			800			0			457				19  
	28			8			LL			800			286			518				20  
	29			28			LR			800			0			304				19  
	30			11			RL			800			0			396				20  
	31			16			RR			800			-286			457				19  
	32			77			LL			200			0			416				20  
	33			79			LL			200			0			508				20  
	34			72			LL			200			0			446				20  
	35			117			LR			200			0			356				19  
	36			34			LR			200			0			415				19  
	37			95			LR			200			0			355				19  
	38			106			RL			200			0			569				20  
	39			58			RL			200			0			529				20  
	40			84			RL			200			0			384				20  
	41			71			RR			200			0			477				19  
	42			91			RR			200			0			416				19  
	43			40			RR			200			0			493				19  
	44			100			LL			200			286			568				20  
	45			57			LL			200			286			507				20  
	46			121			LL			200			286			568				19  
	47			124			LR			200			0			447				19  
	48			96			LR			200			0			384				19  
	49			93			LR			200			0			415				19  
	50			43			RL			200			0			437				20  
	51			61			RL			200			0			446				20  
	52			82			RL			200			0			476				20  
	53			32			RR			200			-286			507				19  
	54			105			RR			200			-286			446				19  
	55			80			RR			200			-286			446				19  
	56			104			LL			400			0			582				20  
	57			94			LL			400			0			397				20  
	58			115			LL			400			0			520				20  
	59			113			LR			400			0			352				19  
	60			125			LR			400			0			367				19  
	61			50			LR			400			0			305				19  
	62			56			RL			400			0			367				20  
	63			87			RL			400			0			387				20  
	64			51			RL			400			0			336				20  
	65			47			RR			400			0			428				19  
	66			86			RR			400			0			428				19  
	67			63			RR			400			0			460				19  
	68			38			LL			400			286			550				20  
	69			81			LL			400			286			398				20  
	70			65			LL			400			286			397				20  
	71			49			LR			400			0			367				19  
	72			35			LR			400			0			398				19  
	73			97			LR			400			0			383				19  
	74			123			RL			400			0			396				20  
	75			76			RL			400			0			674				20  
	76			36			RL			400			0			458				20  
	77			116			RR			400			-286			336				19  
	78			92			RR			400			-286			412				19  
	79			99			RR			400			-286			336				19  
	80			41			LL			600			0			381				20  
	81			48			LL			600			0			443				20  
	82			69			LL			600			0			504				20  
	83			122			LR			600			0			412				19  
	84			74			LR			600			0			367				19  
	85			101			LR			600			0			351				19  
	86			118			RL			600			0			411				20  
	87			70			RL			600			0			411				20  
	88			127			RL			600			0			382				20  
	89			42			RR			600			0			411				19  
	90			39			RR			600			0			442				19  
	91			60			RR			600			0			504				19  
	92			52			LL			600			286			473				20  
	93			59			LL			600			286			564				20  
	94			98			LL			600			286			580				20  
	95			112			LR			600			0			289				19  
	96			108			LR			600			0			320				19  
	97			107			LR			600			0			442				19  
	98			110			RL			600			0			381				20  
	99			67			RL			600			0			412				20  
	100			83			RL			600			0			351				20  
	101			109			RR			600			-286			502				19  
	102			64			RR			600			-286			564				19  
	103			73			RR			600			-286			443				19  
	104			46			LL			800			0			518				20  
	105			126			LL			800			0			487				20  
	106			44			LL			800			0			486				20  
	107			102			LR			800			0			395				19  
	108			37			LR			800			0			335				19  
	109			89			LR			800			0			516				19  
	110			119			RL			800			0			365				20  
	111			111			RL			800			0			578				20  
	112			114			RL			800			0			365				20  
	113			85			RR			800			0			426				19  
	114			55			RR			800			0			365				19  
	115			53			RR			800			0			425				19  
	116			62			LL			800			286			427				20  
	117			75			LL			800			286			455				20  
	118			103			LL			800			286			333				20  
	119			45			LR			800			0			354				19  
	120			78			LR			800			0			333				19  
	121			68			LR			800			0			334				19  
	122			54			RL			800			0			288				20  
	123			120			RL			800			0			335				20  
	124			33			RL			800			0			518				20  
	125			66			RR			800			-286			456				19  
	126			90			RR			800			-286			517				19  
	127			88			RR			800			-286			488				19  
