

#! index		TrOrder		TrType			CTOA		CTD			RT		KeyPressed
	0			8			LL			200			0			457				20  
	1			6			LR			200			0			395				19  
	2			18			RL			200			0			371				20  
	3			13			RR			200			0			365				19  
	4			12			LL			200			286			381				20  
	5			25			LR			200			0			361				19  
	6			28			RL			200			0			361				20  
	7			26			RR			200			-286			336				19  
	8			1			LL			400			0			412				20  
	9			11			LR			400			0			351				19  
	10			23			RL			400			0			349				20  
	11			2			RR			400			0			337				19  
	12			17			LL			400			286			320				20  
	13			20			LR			400			0			319				19  
	14			5			RL			400			0			444				20  
	15			24			RR			400			-286			321				19  
	16			3			LL			600			0			354				20  
	17			16			LR			600			0			332				19  
	18			14			RL			600			0			319				20  
	19			31			RR			600			0			362				19  
	20			19			LL			600			286			331				20  
	21			29			LR			600			0			335				19  
	22			30			RL			600			0			304				20  
	23			15			RR			600			-286			365				19  
	24			10			LL			800			0			287				20  
	25			22			LR			800			0			318				19  
	26			21			RL			800			0			318				20  
	27			9			RR			800			0			312				19  
	28			4			LL			800			286			368				20  
	29			7			LR			800			0			318				19  
	30			0			RL			800			0			503				19  
	31			27			RR			800			-286			319				19  
	32			125			LL			200			0			397				20  
	33			67			LL			200			0			366				20  
	34			33			LL			200			0			396				20  
	35			79			LL			200			0			366				20  
	36			90			LR			200			0			394				19  
	37			58			LR			200			0			332				19  
	38			115			LR			200			0			379				19  
	39			128			LR			200			0			352				19  
	40			157			RL			200			0			395				20  
	41			81			RL			200			0			366				20  
	42			38			RL			200			0			396				20  
	43			97			RL			200			0			336				20  
	44			98			RR			200			0			363				19  
	45			41			RR			200			0			366				19  
	46			64			RR			200			0			392				19  
	47			78			RR			200			0			393				19  
	48			140			LL			200			286			336				20  
	49			134			LL			200			286			366				20  
	50			47			LL			200			286			333				20  
	51			80			LL			200			286			335				20  
	52			150			LR			200			0			366				19  
	53			136			LR			200			0			335				19  
	54			36			LR			200			0			365				19  
	55			73			LR			200			0			335				19  
	56			105			RL			200			0			336				20  
	57			39			RL			200			0			332				20  
	58			50			RL			200			0			336				20  
	59			118			RL			200			0			366				20  
	60			103			RR			200			-286			379				19  
	61			108			RR			200			-286			335				19  
	62			71			RR			200			-286			336				19  
	63			154			RR			200			-286			426				19  
	64			74			LL			400			0			321				20  
	65			144			LL			400			0			365				20  
	66			92			LL			400			0			348				20  
	67			156			LL			400			0			319				20  
	68			104			LR			400			0			312				19  
	69			159			LR			400			0			320				19  
	70			72			LR			400			0			319				19  
	71			93			LR			400			0			322				19  
	72			142			RL			400			0			321				20  
	73			37			RL			400			0			319				20  
	74			124			RL			400			0			337				20  
	75			56			RL			400			0			319				20  
	76			70			RR			400			0			319				19  
	77			54			RR			400			0			350				19  
	78			35			RR			400			0			322				19  
	79			139			RR			400			0			365				19  
	80			62			LL			400			286			311				20  
	81			116			LL			400			286			290				20  
	82			96			LL			400			286			320				20  
	83			88			LL			400			286			350				20  
	84			111			LR			400			0			320				19  
	85			77			LR			400			0			367				19  
	86			95			LR			400			0			311				19  
	87			132			LR			400			0			321				19  
	88			57			RL			400			0			319				20  
	89			135			RL			400			0			340				20  
	90			127			RL			400			0			321				20  
	91			148			RL			400			0			321				20  
	92			42			RR			400			-286			381				19  
	93			138			RR			400			-286			348				19  
	94			85			RR			400			-286			349				19  
	95			158			RR			400			-286			351				19  
	96			34			LL			600			0			385				20  
	97			151			LL			600			0			332				20  
	98			48			LL			600			0			393				20  
	99			152			LL			600			0			335				20  
	100			121			LR			600			0			290				19  
	101			51			LR			600			0			305				19  
	102			117			LR			600			0			335				19  
	103			87			LR			600			0			364				19  
	104			122			RL			600			0			319				20  
	105			94			RL			600			0			332				20  
	106			129			RL			600			0			304				20  
	107			153			RL			600			0			274				20  
	108			59			RR			600			0			335				19  
	109			68			RR			600			0			363				19  
	110			106			RR			600			0			333				19  
	111			60			RR			600			0			364				19  
	112			123			LL			600			286			334				20  
	113			83			LL			600			286			363				20  
	114			107			LL			600			286			302				20  
	115			119			LL			600			286			362				20  
	116			145			LR			600			0			336				19  
	117			146			LR			600			0			333				19  
	118			102			LR			600			0			321				19  
	119			52			LR			600			0			303				19  
	120			155			RL			600			0			303				20  
	121			141			RL			600			0			334				20  
	122			45			RL			600			0			364				20  
	123			75			RL			600			0			333				20  
	124			43			RR			600			-286			366				19  
	125			84			RR			600			-286			335				19  
	126			91			RR			600			-286			332				19  
	127			112			RR			600			-286			316				19  
	128			69			LL			800			0			318				20  
	129			131			LL			800			0			349				20  
	130			101			LL			800			0			332				20  
	131			82			LL			800			0			348				20  
	132			130			LR			800			0			317				19  
	133			143			LR			800			0			313				19  
	134			110			LR			800			0			343				19  
	135			126			LR			800			0			315				19  
	136			113			RL			800			0			318				20  
	137			86			RL			800			0			315				20  
	138			66			RL			800			0			317				20  
	139			89			RL			800			0			318				20  
	140			76			RR			800			0			318				19  
	141			32			RR			800			0			377				19  
	142			61			RR			800			0			334				19  
	143			63			RR			800			0			317				19  
	144			109			LL			800			286			347				20  
	145			46			LL			800			286			348				20  
	146			99			LL			800			286			318				20  
	147			120			LL			800			286			347				20  
	148			147			LR			800			0			317				19  
	149			53			LR			800			0			288				19  
	150			100			LR			800			0			349				19  
	151			44			LR			800			0			362				19  
	152			137			RL			800			0			316				20  
	153			149			RL			800			0			286				20  
	154			40			RL			800			0			318				20  
	155			133			RL			800			0			315				20  
	156			114			RR			800			-286			335				19  
	157			49			RR			800			-286			315				19  
	158			65			RR			800			-286			348				19  
	159			55			RR			800			-286			318				19  
