

#! index		TrOrder		TrType			CTOA		CTD			RT		KeyPressed
	0			23			LL			200			0			479				20  
	1			14			LR			200			0			358				19  
	2			10			RL			200			0			361				20  
	3			24			RR			200			0			391				19  
	4			5			LL			200			286			403				20  
	5			1			LR			200			0			356				19  
	6			17			RL			200			0			361				20  
	7			4			RR			200			-286			419				19  
	8			2			LL			400			0			437				20  
	9			30			LR			400			0			344				19  
	10			16			RL			400			0			344				20  
	11			12			RR			400			0			344				19  
	12			7			LL			400			286			342				20  
	13			8			LR			400			0			283				19  
	14			6			RL			400			0			315				20  
	15			9			RR			400			-286			343				19  
	16			20			LL			600			0			388				20  
	17			31			LR			600			0			295				19  
	18			27			RL			600			0			327				20  
	19			13			RR			600			0			295				19  
	20			21			LL			600			286			353				20  
	21			29			LR			600			0			330				19  
	22			3			RL			600			0			287				20  
	23			11			RR			600			-286			296				19  
	24			28			LL			800			0			370				20  
	25			26			LR			800			0			310				19  
	26			18			RL			800			0			299				20  
	27			25			RR			800			0			371				19  
	28			22			LL			800			286			341				20  
	29			15			LR			800			0			279				19  
	30			0			RL			800			0			433				19  
	31			19			RR			800			-286			341				19  
	32			121			LL			200			0			361				20  
	33			154			LL			200			0			420				20  
	34			49			LL			200			0			389				20  
	35			32			LL			200			0			544				20  
	36			83			LR			200			0			327				19  
	37			61			LR			200			0			328				19  
	38			54			LR			200			0			356				19  
	39			36			LR			200			0			328				19  
	40			50			RL			200			0			321				20  
	41			34			RL			200			0			340				20  
	42			46			RL			200			0			390				20  
	43			124			RL			200			0			360				20  
	44			132			RR			200			0			356				19  
	45			140			RR			200			0			379				20  
	46			143			RR			200			0			389				19  
	47			64			RR			200			0			420				19  
	48			95			LL			200			286			383				20  
	49			118			LL			200			286			388				20  
	50			127			LL			200			286			322				20  
	51			48			LL			200			286			360				20  
	52			66			LR			200			0			294				19  
	53			68			LR			200			0			298				19  
	54			141			LR			200			0			327				19  
	55			144			LR			200			0			389				19  
	56			69			RL			200			0			328				20  
	57			70			RL			200			0			328				20  
	58			104			RL			200			0			324				20  
	59			57			RL			200			0			327				20  
	60			129			RR			200			-286			342				19  
	61			115			RR			200			-286			389				19  
	62			159			RR			200			-286			389				19  
	63			138			RR			200			-286			330				19  
	64			158			LL			400			0			405				20  
	65			51			LL			400			0			333				20  
	66			113			LL			400			0			433				20  
	67			77			LL			400			0			343				20  
	68			155			LR			400			0			281				19  
	69			98			LR			400			0			299				19  
	70			96			LR			400			0			99				19  
	71			65			LR			400			0			283				19  
	72			119			RL			400			0			283				20  
	73			42			RL			400			0			312				20  
	74			112			RL			400			0			344				20  
	75			153			RL			400			0			341				20  
	76			106			RR			400			0			333				19  
	77			126			RR			400			0			390				19  
	78			111			RR			400			0			318				19  
	79			103			RR			400			0			343				19  
	80			131			LL			400			286			313				20  
	81			105			LL			400			286			341				20  
	82			110			LL			400			286			406				20  
	83			128			LL			400			286			251				20  
	84			156			LR			400			0			314				19  
	85			109			LR			400			0			278				19  
	86			90			LR			400			0			314				19  
	87			133			LR			400			0			345				19  
	88			85			RL			400			0			344				20  
	89			71			RL			400			0			222				20  
	90			151			RL			400			0			405				20  
	91			136			RL			400			0			313				20  
	92			87			RR			400			-286			313				19  
	93			72			RR			400			-286			357				19  
	94			89			RR			400			-286			314				19  
	95			81			RR			400			-286			340				19  
	96			80			LL			600			0			299				20  
	97			62			LL			600			0			358				20  
	98			101			LL			600			0			411				20  
	99			74			LL			600			0			356				20  
	100			78			LR			600			0			297				19  
	101			145			LR			600			0			312				19  
	102			157			LR			600			0			265				19  
	103			139			LR			600			0			264				19  
	104			94			RL			600			0			295				20  
	105			146			RL			600			0			329				20  
	106			37			RL			600			0			326				20  
	107			130			RL			600			0			298				20  
	108			120			RR			600			0			356				19  
	109			35			RR			600			0			357				19  
	110			58			RR			600			0			327				19  
	111			41			RR			600			0			358				19  
	112			125			LL			600			286			357				20  
	113			44			LL			600			286			311				20  
	114			75			LL			600			286			358				20  
	115			102			LL			600			286			297				20  
	116			59			LR			600			0			328				19  
	117			56			LR			600			0			296				19  
	118			63			LR			600			0			266				19  
	119			43			LR			600			0			295				19  
	120			122			RL			600			0			296				20  
	121			135			RL			600			0			266				20  
	122			76			RL			600			0			296				20  
	123			39			RL			600			0			297				20  
	124			137			RR			600			-286			357				19  
	125			52			RR			600			-286			295				19  
	126			91			RR			600			-286			323				19  
	127			73			RR			600			-286			417				19  
	128			86			LL			800			0			370				20  
	129			148			LL			800			0			450				20  
	130			38			LL			800			0			364				20  
	131			79			LL			800			0			340				20  
	132			114			LR			800			0			281				19  
	133			149			LR			800			0			343				19  
	134			84			LR			800			0			281				19  
	135			147			LR			800			0			339				19  
	136			100			RL			800			0			307				20  
	137			99			RL			800			0			281				20  
	138			60			RL			800			0			280				20  
	139			40			RL			800			0			301				20  
	140			123			RR			800			0			371				19  
	141			142			RR			800			0			343				19  
	142			107			RR			800			0			311				19  
	143			117			RR			800			0			342				19  
	144			116			LL			800			286			340				20  
	145			82			LL			800			286			347				20  
	146			108			LL			800			286			340				20  
	147			47			LL			800			286			308				20  
	148			88			LR			800			0			277				19  
	149			93			LR			800			0			278				19  
	150			134			LR			800			0			307				19  
	151			45			LR			800			0			310				19  
	152			150			RL			800			0			341				20  
	153			67			RL			800			0			252				20  
	154			152			RL			800			0			279				20  
	155			55			RL			800			0			312				20  
	156			92			RR			800			-286			282				19  
	157			53			RR			800			-286			341				19  
	158			33			RR			800			-286			341				19  
	159			97			RR			800			-286			370				19  
