

#! index		TrOrder		TrType			CTOA		CTD			RT		KeyPressed
	0			17			LL			200			0			494				20  
	1			4			LR			200			0			402				19  
	2			18			RL			200			0			405				20  
	3			1			RR			200			0			496				19  
	4			31			LL			200			286			453				20  
	5			3			LR			200			0			404				19  
	6			11			RL			200			0			466				20  
	7			13			RR			200			-286			482				20  
	8			27			LL			400			0			405				20  
	9			30			LR			400			0			418				19  
	10			20			RL			400			0			359				20  
	11			9			RR			400			0			451				19  
	12			10			LL			400			286			438				20  
	13			29			LR			400			0			389				19  
	14			19			RL			400			0			297				20  
	15			7			RR			400			-286			510				20  
	16			21			LL			600			0			341				20  
	17			2			LR			600			0			389				19  
	18			6			RL			600			0			496				20  
	19			5			RR			600			0			370				19  
	20			12			LL			600			286			351				20  
	21			25			LR			600			0			311				19  
	22			16			RL			600			0			341				20  
	23			14			RR			600			-286			371				19  
	24			8			LL			800			0			477				20  
	25			28			LR			800			0			385				19  
	26			23			RL			800			0			294				20  
	27			24			RR			800			0			417				19  
	28			15			LL			800			286			341				20  
	29			0			LR			800			0			585				19  
	30			26			RL			800			0			325				20  
	31			22			RR			800			-286			371				19  
	32			119			LL			200			0			465				20  
	33			95			LL			200			0			435				20  
	34			132			LL			200			0			525				20  
	35			156			LL			200			0			497				20  
	36			97			LR			200			0			404				19  
	37			69			LR			200			0			374				19  
	38			107			LR			200			0			433				19  
	39			137			LR			200			0			495				19  
	40			82			RL			200			0			465				20  
	41			70			RL			200			0			434				20  
	42			80			RL			200			0			402				20  
	43			135			RL			200			0			497				20  
	44			40			RR			200			0			434				19  
	45			146			RR			200			0			434				19  
	46			154			RR			200			0			513				19  
	47			47			RR			200			0			449				19  
	48			48			LL			200			286			373				20  
	49			87			LL			200			286			435				20  
	50			75			LL			200			286			525				20  
	51			110			LL			200			286			527				20  
	52			36			LR			200			0			403				19  
	53			126			LR			200			0			454				19  
	54			59			LR			200			0			372				19  
	55			115			LR			200			0			403				19  
	56			78			RL			200			0			434				20  
	57			51			RL			200			0			495				20  
	58			148			RL			200			0			497				20  
	59			85			RL			200			0			484				20  
	60			86			RR			200			-286			465				19  
	61			144			RR			200			-286			650				19  
	62			100			RR			200			-286			526				19  
	63			65			RR			200			-286			404				19  
	64			37			LL			400			0			464				20  
	65			84			LL			400			0			418				20  
	66			157			LL			400			0			434				20  
	67			108			LL			400			0			436				20  
	68			122			LR			400			0			427				19  
	69			131			LR			400			0			389				19  
	70			41			LR			400			0			358				19  
	71			138			LR			400			0			450				19  
	72			134			RL			400			0			480				20  
	73			56			RL			400			0			450				20  
	74			127			RL			400			0			387				20  
	75			43			RL			400			0			450				20  
	76			141			RR			400			0			558				20  
	77			133			RR			400			0			419				19  
	78			61			RR			400			0			359				19  
	79			67			RR			400			0			436				19  
	80			117			LL			400			286			450				20  
	81			64			LL			400			286			389				20  
	82			76			LL			400			286			419				20  
	83			101			LL			400			286			479				20  
	84			93			LR			400			0			327				19  
	85			98			LR			400			0			435				19  
	86			68			LR			400			0			387				19  
	87			120			LR			400			0			437				19  
	88			152			RL			400			0			450				20  
	89			151			RL			400			0			542				20  
	90			125			RL			400			0			500				20  
	91			58			RL			400			0			358				20  
	92			39			RR			400			-286			346				19  
	93			72			RR			400			-286			346				19  
	94			71			RR			400			-286			358				20  
	95			53			RR			400			-286			420				19  
	96			147			LL			600			0			402				20  
	97			113			LL			600			0			403				20  
	98			128			LL			600			0			404				20  
	99			139			LL			600			0			454				20  
	100			52			LR			600			0			342				19  
	101			57			LR			600			0			270				19  
	102			130			LR			600			0			495				19  
	103			81			LR			600			0			360				19  
	104			77			RL			600			0			372				20  
	105			104			RL			600			0			401				20  
	106			123			RL			600			0			392				20  
	107			73			RL			600			0			482				20  
	108			90			RR			600			0			343				19  
	109			60			RR			600			0			371				19  
	110			35			RR			600			0			341				19  
	111			50			RR			600			0			357				19  
	112			103			LL			600			286			343				20  
	113			89			LL			600			286			371				20  
	114			145			LL			600			286			402				20  
	115			88			LL			600			286			433				20  
	116			136			LR			600			0			392				19  
	117			96			LR			600			0			389				19  
	118			34			LR			600			0			343				19  
	119			44			LR			600			0			311				19  
	120			62			RL			600			0			372				20  
	121			54			RL			600			0			494				20  
	122			94			RL			600			0			342				20  
	123			99			RL			600			0			434				20  
	124			124			RR			600			-286			433				19  
	125			114			RR			600			-286			403				19  
	126			83			RR			600			-286			433				19  
	127			49			RR			600			-286			341				19  
	128			111			LL			800			0			417				20  
	129			106			LL			800			0			355				20  
	130			142			LL			800			0			538				20  
	131			129			LL			800			0			403				20  
	132			155			LR			800			0			386				19  
	133			143			LR			800			0			447				19  
	134			109			LR			800			0			385				19  
	135			32			LR			800			0			385				19  
	136			121			RL			800			0			385				20  
	137			116			RL			800			0			326				20  
	138			153			RL			800			0			448				20  
	139			159			RL			800			0			387				20  
	140			46			RR			800			0			313				19  
	141			105			RR			800			0			385				19  
	142			33			RR			800			0			416				19  
	143			42			RR			800			0			282				19  
	144			149			LL			800			286			354				20  
	145			45			LL			800			286			387				20  
	146			63			LL			800			286			324				20  
	147			112			LL			800			286			386				20  
	148			158			LR			800			0			384				19  
	149			91			LR			800			0			354				19  
	150			38			LR			800			0			326				19  
	151			92			LR			800			0			416				19  
	152			55			RL			800			0			555				20  
	153			150			RL			800			0			509				20  
	154			66			RL			800			0			447				20  
	155			140			RL			800			0			447				20  
	156			79			RR			800			-286			356				19  
	157			74			RR			800			-286			447				19  
	158			102			RR			800			-286			386				19  
	159			118			RR			800			-286			385				19  
