

#! index		TrOrder		TrType			CTOA		CTD			RT		KeyPressed
	0			28			LL			200			0			428				20  
	1			10			LR			200			0			429				19  
	2			7			RL			200			0			428				20  
	3			17			RR			200			0			398				19  
	4			1			LL			200			286			460				20  
	5			31			LR			200			0			368				19  
	6			0			RL			200			0			489				19  
	7			14			RR			200			-286			383				19  
	8			15			LL			400			0			535				20  
	9			26			LR			400			0			412				19  
	10			4			RL			400			0			386				20  
	11			21			RR			400			0			351				19  
	12			29			LL			400			286			352				20  
	13			20			LR			400			0			351				19  
	14			13			RL			400			0			412				20  
	15			8			RR			400			-286			383				19  
	16			27			LL			600			0			365				20  
	17			22			LR			600			0			336				19  
	18			16			RL			600			0			365				20  
	19			11			RR			600			0			366				19  
	20			19			LL			600			286			304				20  
	21			3			LR			600			0			357				19  
	22			18			RL			600			0			351				20  
	23			30			RR			600			-286			334				19  
	24			12			LL			800			0			350				20  
	25			9			LR			800			0			334				19  
	26			6			RL			800			0			348				20  
	27			5			RR			800			0			321				19  
	28			24			LL			800			286			289				20  
	29			25			LR			800			0			350				19  
	30			2			RL			800			0			378				20  
	31			23			RR			800			-286			317				19  
	32			54			LL			200			0			428				20  
	33			38			LL			200			0			490				20  
	34			97			LL			200			0			520				20  
	35			107			LR			200			0			429				19  
	36			72			LR			200			0			336				19  
	37			88			LR			200			0			368				19  
	38			94			RL			200			0			366				20  
	39			78			RL			200			0			427				20  
	40			92			RL			200			0			336				20  
	41			59			RR			200			0			336				19  
	42			52			RR			200			0			397				19  
	43			87			RR			200			0			388				19  
	44			114			LL			200			286			427				20  
	45			41			LL			200			286			398				20  
	46			50			LL			200			286			458				20  
	47			127			LR			200			0			367				19  
	48			79			LR			200			0			429				19  
	49			63			LR			200			0			460				19  
	50			57			RL			200			0			398				20  
	51			85			RL			200			0			397				20  
	52			89			RL			200			0			398				20  
	53			66			RR			200			-286			458				19  
	54			126			RR			200			-286			386				19  
	55			58			RR			200			-286			335				19  
	56			90			LL			400			0			413				20  
	57			112			LL			400			0			506				20  
	58			60			LL			400			0			413				20  
	59			36			LR			400			0			444				19  
	60			61			LR			400			0			351				19  
	61			53			LR			400			0			352				19  
	62			68			RL			400			0			381				20  
	63			95			RL			400			0			321				20  
	64			56			RL			400			0			351				20  
	65			55			RR			400			0			321				19  
	66			42			RR			400			0			351				19  
	67			65			RR			400			0			352				19  
	68			120			LL			400			286			383				20  
	69			123			LL			400			286			350				20  
	70			77			LL			400			286			350				20  
	71			117			LR			400			0			321				19  
	72			116			LR			400			0			372				19  
	73			73			LR			400			0			352				19  
	74			70			RL			400			0			381				20  
	75			34			RL			400			0			350				20  
	76			71			RL			400			0			353				20  
	77			76			RR			400			-286			352				19  
	78			74			RR			400			-286			351				19  
	79			80			RR			400			-286			351				19  
	80			35			LL			600			0			337				20  
	81			100			LL			600			0			367				20  
	82			45			LL			600			0			429				20  
	83			32			LR			600			0			365				19  
	84			111			LR			600			0			365				19  
	85			82			LR			600			0			305				19  
	86			99			RL			600			0			367				20  
	87			115			RL			600			0			335				20  
	88			39			RL			600			0			335				20  
	89			49			RR			600			0			366				19  
	90			81			RR			600			0			337				19  
	91			47			RR			600			0			334				19  
	92			93			LL			600			286			428				20  
	93			98			LL			600			286			335				20  
	94			113			LL			600			286			356				20  
	95			64			LR			600			0			319				19  
	96			121			LR			600			0			334				19  
	97			104			LR			600			0			335				19  
	98			33			RL			600			0			336				20  
	99			75			RL			600			0			367				20  
	100			83			RL			600			0			426				20  
	101			103			RR			600			-286			365				19  
	102			108			RR			600			-286			335				19  
	103			105			RR			600			-286			365				19  
	104			96			LL			800			0			347				20  
	105			86			LL			800			0			290				20  
	106			43			LL			800			0			349				20  
	107			118			LR			800			0			288				19  
	108			125			LR			800			0			317				19  
	109			51			LR			800			0			349				19  
	110			122			RL			800			0			319				20  
	111			101			RL			800			0			348				20  
	112			37			RL			800			0			317				20  
	113			46			RR			800			0			349				19  
	114			62			RR			800			0			290				19  
	115			110			RR			800			0			288				19  
	116			40			LL			800			286			320				20  
	117			84			LL			800			286			319				20  
	118			67			LL			800			286			349				20  
	119			109			LR			800			0			320				19  
	120			69			LR			800			0			289				19  
	121			48			LR			800			0			351				19  
	122			119			RL			800			0			381				20  
	123			91			RL			800			0			532				20  
	124			102			RL			800			0			350				20  
	125			44			RR			800			-286			317				19  
	126			124			RR			800			-286			321				19  
	127			106			RR			800			-286			318				19  
