

#! index		TrType			CTOA		CTD			RT		KeyPressed
	0			RR				262			-130			662				19  
	1			RR				667			-39			440				19  
	2			LR				479			-194			412				19  
	3			LL				339			100			463				20  
	4			RL				513			107			376				20  
	5			LL				739			199			368				20  
	6			LR				870			-147			388				19  
	7			RL				309			134			336				20  
	8			LR				554			-53			369				19  
	9			LR				382			-120			356				19  
	10			LR				325			-66			384				19  
	11			LL				690			30			416				20  
	12			LR				800			-126			399				19  
	13			RL				544			168			379				20  
	14			RR				825			-75			494				19  
	15			RL				327			131			445				20  
	16			LR				883			-231			373				19  
	17			RL				495			92			427				20  
	18			LL				871			201			421				20  
	19			LR				221			-25			510				19  
	20			LR				558			-158			331				19  
	21			LL				744			171			332				20  
	22			RR				829			-285			339				19  
	23			LL				383			163			356				20  
	24			LL				856			153			402				20  
	25			LL				268			50			379				20  
	26			LL				636			186			379				20  
	27			LR				483			-76			316				19  
	28			LL				742			92			365				20  
	29			LR				505			-174			327				19  
	30			RL				576			14			345				20  
	31			LR				219			-30			355				19  
	32			LL				700			260			436				20  
	33			LR				699			-41			348				19  
	34			LL				356			46			383				20  
	35			LR				785			-97			400				19  
	36			RR				925			-106			428				19  
	37			LL				647			220			367				20  
	38			RR				860			-3			451				19  
	39			LR				319			-79			418				19  
	40			RL				806			283			378				20  
	41			RR				847			-110			380				19  
	42			LR				931			-162			421				19  
	43			LL				860			280			431				20  
	44			LL				977			61			374				20  
	45			RR				308			-151			338				19  
	46			RR				580			-112			404				19  
	47			LR				878			-174			350				19  
	48			LL				695			144			461				20  
	49			LR				704			-224			312				19  
	50			LL				927			152			334				20  
	51			RR				921			-86			398				19  
	52			RR				432			-200			489				20  
	53			RL				887			206			494				20  
	54			RL				872			268			568				20  
	55			RR				243			-254			527				19  
	56			LR				668			-213			408				19  
	57			LL				983			46			398				20  
	58			RL				672			115			404				20  
	59			LR				278			-227			400				19  
	60			LR				905			-269			355				19  
	61			LL				530			258			353				20  
	62			LR				773			-221			331				19  
	63			LR				534			-135			327				19  
	64			LL				312			41			396				20  
	65			LL				264			271			384				20  
	66			RR				976			-66			375				19  
	67			RR				773			-103			361				19  
	68			LR				902			-31			390				19  
	69			LR				425			-139			405				19  
	70			LR				260			-222			388				19  
	71			RR				215			-277			372				19  
	72			RL				938			129			297				20  
	73			RR				758			-226			317				19  
	74			LL				338			279			309				20  
	75			LL				453			61			459				20  
	76			LL				413			10			387				20  
	77			RR				598			-240			324				19  
	78			RL				887			67			310				20  
	79			RR				974			-208			285				19  
	80			LL				566			28			324				20  
	81			LL				388			254			352				20  
	82			LL				364			112			314				20  
	83			RL				726			89			320				20  
	84			RR				561			-107			268				19  
	85			LL				542			148			320				20  
	86			LR				713			-180			393				19  
	87			RR				743			-131			330				19  
	88			RR				616			-48			429				19  
	89			RR				804			-45			455				19  
	90			LL				586			63			335				20  
	91			LR				667			-87			317				19  
	92			RL				577			89			376				20  
	93			LR				891			-5			338				19  
	94			RR				342			-256			428				20  
	95			LL				642			26			554				20  
	96			RR				256			-159			362				19  
	97			RL				761			148			375				20  
	98			LL				330			96			347				20  
	99			RR				465			-36			336				19  
	100			LR				591			-106			395				19  
	101			RR				769			-244			428				19  
	102			LR				215			-154			386				19  
	103			LL				466			253			395				20  
	104			LR				482			-196			380				19  
	105			RR				401			-260			385				19  
	106			LL				476			223			323				20  
	107			RL				921			94			370				20  
	108			RR				536			-114			326				19  
	109			LL				806			64			423				20  
	110			RL				906			152			351				20  
	111			LR				404			-121			366				19  
	112			LR				287			-225			359				19  
	113			RR				720			-4			417				19  
	114			LL				631			120			353				20  
	115			LR				380			-109			327				19  
	116			RL				310			118			324				20  
	117			RL				935			41			352				20  
	118			LL				399			11			311				20  
	119			RR				718			-77			407				19  
	120			RL				897			282			301				20  
	121			RR				523			-119			278				19  
	122			LL				862			248			274				20  
	123			RL				692			186			323				20  
	124			LR				705			-225			250				19  
	125			LR				243			-50			617				19  
	126			RL				549			260			344				20  
	127			RL				879			156			339				20  
	128			RR				996			-172			323				19  
	129			LR				229			-119			327				20  
	130			LR				445			-32			202				20  
	131			RL				435			19			426				20  
	132			RL				769			37			368				20  
	133			LL				663			241			411				20  
	134			RR				384			-27			446				19  
	135			RR				214			-164			386				19  
	136			LR				355			-54			385				19  
	137			LL				283			207			455				20  
	138			LL				719			146			358				20  
	139			LL				401			269			398				20  
	140			LR				734			-70			423				19  
	141			RR				826			-273			342				19  
	142			LR				880			-140			318				19  
	143			LL				984			183			335				20  
	144			LR				859			-121			340				19  
	145			LR				936			-75			324				19  
	146			LR				597			-153			418				19  
	147			RL				750			189			323				20  
	148			LL				531			223			422				20  
	149			LR				940			-268			351				19  
	150			LL				894			114			335				20  
	151			RR				291			-44			416				19  
	152			RR				255			-179			361				19  
	153			RR				648			-193			368				19  
	154			RL				361			273			439				20  
	155			RL				700			72			334				20  
	156			LL				910			213			321				20  
	157			RL				540			98			383				20  
	158			LL				269			169			408				20  
	159			LL				894			25			365				20  
	160			RR				844			-73			375				19  
	161			LL				364			59			495				20  
	162			LL				490			2			341				20  
	163			RL				991			226			329				20  
	164			RR				732			-113			372				19  
	165			LR				696			-263			472				19  
	166			LR				900			-270			329				19  
	167			RR				698			-187			346				19  
	168			RR				973			-223			379				19  
	169			RR				647			-238			368				19  
	170			RL				719			215			386				20  
	171			RR				926			-225			333				19  
	172			LL				293			254			406				20  
	173			LL				301			158			376				20  
	174			RR				934			-120			325				19  
	175			LR				451			-260			440				19  
	176			LR				390			-83			380				19  
	177			RR				346			-27			363				19  
	178			RR				871			-282			387				19  
	179			LR				697			-213			287				19  
	180			LL				564			89			419				20  
	181			RR				367			-24			341				19  
	182			LL				996			63			415				20  
	183			LL				910			98			350				20  
	184			LL				554			39			336				20  
	185			LR				890			-156			337				19  
	186			RL				820			239			348				20  
	187			RR				253			-213			363				19  
	188			RL				331			178			377				20  
	189			LR				321			-17			386				19  
	190			RR				920			-41			368				19  
	191			LL				371			40			444				20  
	192			LL				440			72			330				20  
	193			RR				616			-140			367				19  
	194			LR				893			-185			398				19  
	195			LL				203			34			418				20  
	196			RR				641			-236			311				19  
	197			LL				510			206			322				20  
	198			LL				307			129			339				20  
	199			LR				806			-230			394				19  
