

#! index		TrType			CTOA		CTD			RT		KeyPressed
	0			LR				293			-213			573				19  
	1			LL				858			232			375				20  
	2			LR				677			-148			433				19  
	3			RR				301			-193			382				19  
	4			LL				568			155			345				20  
	5			LL				370			261			372				20  
	6			RL				464			38			372				20  
	7			RR				333			-202			380				19  
	8			RL				443			253			301				20  
	9			LL				848			191			384				20  
	10			LR				676			-32			373				19  
	11			LL				472			61			425				20  
	12			RR				322			-134			452				19  
	13			RR				738			-121			371				19  
	14			LR				478			-171			418				19  
	15			RL				912			238			351				19  
	16			RR				844			-104			419				19  
	17			LL				952			75			399				20  
	18			LR				718			-250			331				19  
	19			LL				627			35			499				20  
	20			RR				362			-140			413				19  
	21			LL				453			194			382				20  
	22			LR				625			-133			362				19  
	23			RR				200			-108			357				19  
	24			LR				541			-215			354				19  
	25			LL				220			97			389				20  
	26			LL				887			73			315				20  
	27			RR				381			-97			332				19  
	28			RL				592			208			487				20  
	29			LL				492			265			466				20  
	30			LR				592			-206			365				19  
	31			RL				985			245			336				20  
	32			LL				729			41			412				20  
	33			LL				303			30			408				20  
	34			RL				607			118			350				20  
	35			RL				410			175			362				20  
	36			LR				682			-176			339				19  
	37			RL				889			161			312				20  
	38			LL				362			44			503				20  
	39			RL				947			81			318				20  
	40			LL				890			175			399				20  
	41			LL				668			74			413				20  
	42			RL				555			124			434				20  
	43			RR				672			-175			346				19  
	44			LR				757			-63			353				19  
	45			RL				289			243			424				20  
	46			LL				781			97			420				20  
	47			LL				476			17			408				20  
	48			LR				927			-76			397				19  
	49			LL				252			240			490				20  
	50			LL				479			258			417				20  
	51			RL				970			271			384				20  
	52			LL				378			188			365				20  
	53			RL				728			141			382				20  
	54			LR				420			-240			507				19  
	55			RL				596			128			391				20  
	56			LL				477			188			389				20  
	57			RL				751			209			388				20  
	58			LR				799			-2			370				19  
	59			RL				213			62			543				20  
	60			RR				886			-83			406				19  
	61			RR				810			-271			394				19  
	62			LL				770			14			462				20  
	63			RL				496			212			429				20  
	64			LL				891			38			404				20  
	65			RL				763			181			499				20  
	66			RR				321			-246			530				19  
	67			RL				848			124			565				20  
	68			LR				634			-262			353				19  
	69			LR				641			-133			392				19  
	70			LL				816			104			415				20  
	71			RR				250			-65			425				19  
	72			RL				210			89			540				20  
	73			LL				252			16			431				20  
	74			RR				848			-21			446				19  
	75			RL				955			169			519				20  
	76			RL				663			130			415				20  
	77			RL				554			2			433				20  
	78			LL				903			88			420				20  
	79			RL				838			179			425				20  
	80			LR				412			-229			423				19  
	81			LR				704			-211			404				19  
	82			LR				886			-112			498				19  
	83			RL				336			118			483				20  
	84			LR				381			-86			393				19  
	85			LR				443			-255			358				19  
	86			RR				917			-181			469				19  
	87			LR				481			-54			445				19  
	88			LL				487			82			468				20  
	89			LL				734			268			407				20  
	90			LR				435			-102			399				19  
	91			RR				277			-240			405				19  
	92			RR				870			-96			360				19  
	93			RR				384			-257			360				19  
	94			LL				716			78			455				20  
	95			LR				957			-168			365				19  
	96			LR				872			-138			301				19  
	97			RL				580			235			346				20  
	98			LL				732			12			469				20  
	99			RL				962			16			393				20  
	100			LL				912			96			380				20  
	101			LL				398			71			469				20  
	102			RR				272			-6			378				19  
	103			LL				543			275			434				20  
	104			RR				464			-37			340				19  
	105			RR				683			-172			365				19  
	106			RL				355			277			449				20  
	107			LL				744			197			326				20  
	108			RR				603			-220			324				19  
	109			RL				637			147			381				20  
	110			RL				683			159			396				20  
	111			RR				954			-198			340				19  
	112			RR				355			-191			418				19  
	113			LR				371			-250			373				19  
	114			RL				341			207			493				20  
	115			LR				445			-149			359				19  
	116			RL				926			46			367				20  
	117			LL				903			79			390				20  
	118			RL				655			16			455				20  
	119			LR				471			-225			364				19  
	120			RR				884			-118			393				19  
	121			RR				530			-81			398				19  
	122			RR				286			-71			382				19  
	123			LL				822			183			379				20  
	124			LR				722			-104			356				19  
	125			RL				503			198			383				20  
	126			RL				922			61			403				20  
	127			LR				252			-119			512				19  
	128			LL				474			35			421				20  
	129			LR				519			-108			371				19  
	130			LL				351			67			483				20  
	131			RL				682			10			431				20  
	132			RR				911			-9			351				19  
	133			RL				310			69			433				20  
	134			LL				823			179			380				20  
	135			RL				315			91			479				20  
	136			LR				869			-263			394				19  
	137			RL				242			115			412				20  
	138			RR				576			-129			349				19  
	139			LR				676			-241			349				19  
	140			LR				979			-25			374				19  
	141			LL				368			213			375				20  
	142			RR				398			-146			314				19  
	143			LL				424			16			377				20  
	144			RR				617			-72			280				19  
	145			LL				319			236			261				20  
	146			RR				576			-87			367				19  
	147			RR				514			-243			289				19  
	148			LR				837			-211			300				20  
	149			RR				400			-7			342				19  
	150			RR				275			-143			376				19  
	151			LL				346			166			304				20  
	152			LR				943			-157			322				19  
	153			RL				554			188			373				20  
	154			LL				599			155			356				20  
	155			LR				801			-164			311				19  
	156			RR				663			-125			355				19  
	157			LL				909			102			446				20  
	158			LL				790			214			320				20  
	159			LR				581			-210			423				19  
	160			LR				602			-199			353				19  
	161			RL				205			247			450				20  
	162			LR				671			-81			286				19  
	163			RR				312			-282			338				19  
	164			LR				838			-59			302				19  
	165			LL				473			165			331				20  
	166			RR				932			-120			298				19  
	167			RL				484			188			351				20  
	168			LR				772			-197			338				19  
	169			RR				572			-278			384				19  
	170			LR				361			-101			317				19  
	171			LR				918			-261			333				20  
	172			RR				811			-116			316				19  
	173			LL				240			97			503				20  
	174			RR				229			-221			359				19  
	175			LL				395			274			497				20  
	176			LL				859			207			403				20  
	177			RL				396			107			437				20  
	178			LL				923			218			372				20  
	179			RL				675			180			434				20  
	180			RR				655			0			425				19  
	181			RR				938			-107			355				19  
	182			RL				871			97			362				20  
	183			RL				396			128			409				20  
	184			RL				669			100			349				20  
	185			RR				489			-170			347				19  
	186			RL				456			217			347				20  
	187			RR				236			-79			447				19  
	188			RR				536			-145			329				19  
	189			LR				347			-59			367				19  
	190			LL				852			31			379				20  
	191			RR				852			-259			318				19  
	192			RR				354			-135			360				19  
	193			LL				627			24			328				20  
	194			RL				986			210			339				20  
	195			RR				467			-180			338				19  
	196			LR				945			-100			302				19  
	197			LR				753			-90			313				19  
	198			RR				974			-53			361				19  
	199			RR				582			-186			345				19  
	200			RR				749			-195			302				19  
	201			RL				837			183			456				20  
	202			RR				764			-125			345				19  
	203			LR				342			-137			369				19  
	204			LR				411			-31			330				19  
	205			RL				201			28			450				20  
	206			RL				707			118			343				20  
	207			LR				988			-220			304				19  
	208			LL				442			156			392				20  
	209			RL				592			145			365				20  
	210			LR				312			-82			370				19  
	211			LL				860			252			311				20  
	212			RR				574			-191			383				19  
	213			LL				925			282			398				20  
	214			LR				510			-83			416				19  
	215			LR				598			-266			331				19  
	216			RR				679			-143			401				19  
	217			RR				210			-218			387				19  
	218			LR				826			-284			376				19  
	219			RR				463			-200			402				19  
	220			RR				871			-26			362				19  
	221			RL				301			81			473				20  
	222			LL				207			51			420				20  
	223			LL				741			72			419				20  
	224			LR				733			-169			282				19  
	225			RR				967			-267			326				19  
	226			RL				913			259			371				20  
	227			RL				514			248			351				20  
	228			LR				325			-38			386				19  
	229			RL				319			253			364				20  
	230			RL				880			223			321				20  
	231			RL				955			144			400				20  
	232			RL				382			198			361				20  
	233			LR				527			-226			369				19  
	234			LL				731			79			409				20  
	235			RR				406			-74			367				19  
	236			RR				353			-241			331				19  
	237			LR				280			-125			371				19  
	238			LR				975			-233			312				19  
	239			RL				281			150			340				19  
	240			LR				991			-21			332				19  
	241			LR				818			-214			354				19  
	242			RL				421			124			353				20  
	243			LL				977			227			528				20  
	244			RL				810			235			361				20  
	245			RR				231			-232			358				19  
	246			LL				439			197			456				20  
	247			LL				314			275			338				20  
	248			LL				666			112			414				20  
	249			LR				521			-277			343				19  
