

#! index		TrOrder		TrType			CTOA		CTD			RT		KeyPressed
	0			5			LL			200			0			531				20  
	1			7			LR			200			0			427				19  
	2			26			RL			200			0			389				20  
	3			18			RR			200			0			411				19  
	4			0			LL			200			286			317				19  
	5			17			LR			200			0			490				19  
	6			8			RL			200			0			341				20  
	7			6			RR			200			-286			474				19  
	8			30			LL			400			0			413				20  
	9			9			LR			400			0			287				19  
	10			3			RL			400			0			458				20  
	11			20			RR			400			0			488				19  
	12			10			LL			400			286			456				20  
	13			15			LR			400			0			518				19  
	14			4			RL			400			0			457				20  
	15			19			RR			400			-286			427				19  
	16			23			LL			600			0			624				20  
	17			25			LR			600			0			359				19  
	18			13			RL			600			0			481				20  
	19			16			RR			600			0			592				19  
	20			27			LL			600			286			331				20  
	21			21			LR			600			0			397				19  
	22			2			RL			600			0			515				20  
	23			12			RR			600			-286			771				19  
	24			1			LL			800			0			423				20  
	25			24			LR			800			0			312				19  
	26			28			RL			800			0			313				20  
	27			29			RR			800			0			483				19  
	28			14			LL			800			286			464				20  
	29			11			LR			800			0			333				19  
	30			22			RL			800			0			544				20  
	31			31			RR			800			-286			333				19  
	32			117			LL			200			0			482				20  
	33			80			LL			200			0			480				20  
	34			155			LL			200			0			471				20  
	35			119			LL			200			0			358				20  
	36			111			LR			200			0			407				19  
	37			56			LR			200			0			379				19  
	38			113			LR			200			0			392				19  
	39			44			LR			200			0			439				19  
	40			94			RL			200			0			454				20  
	41			120			RL			200			0			454				20  
	42			36			RL			200			0			394				20  
	43			145			RL			200			0			503				20  
	44			68			RR			200			0			397				19  
	45			70			RR			200			0			471				19  
	46			88			RR			200			0			330				19  
	47			61			RR			200			0			503				19  
	48			58			LL			200			286			534				20  
	49			98			LL			200			286			442				20  
	50			121			LL			200			286			361				20  
	51			92			LL			200			286			472				20  
	52			42			LR			200			0			440				19  
	53			116			LR			200			0			391				19  
	54			52			LR			200			0			348				19  
	55			154			LR			200			0			349				19  
	56			114			RL			200			0			450				20  
	57			50			RL			200			0			412				20  
	58			133			RL			200			0			423				20  
	59			144			RL			200			0			441				20  
	60			93			RR			200			-286			380				19  
	61			53			RR			200			-286			411				20  
	62			139			RR			200			-286			466				19  
	63			107			RR			200			-286			332				19  
	64			82			LL			400			0			346				20  
	65			106			LL			400			0			434				20  
	66			84			LL			400			0			314				20  
	67			34			LL			400			0			335				20  
	68			146			LR			400			0			325				19  
	69			32			LR			400			0			365				19  
	70			109			LR			400			0			467				19  
	71			45			LR			400			0			456				19  
	72			125			RL			400			0			407				20  
	73			151			RL			400			0			397				20  
	74			100			RL			400			0			457				20  
	75			41			RL			400			0			426				20  
	76			73			RR			400			0			332				19  
	77			57			RR			400			0			427				19  
	78			37			RR			400			0			438				19  
	79			69			RR			400			0			366				19  
	80			47			LL			400			286			396				20  
	81			137			LL			400			286			272				20  
	82			124			LL			400			286			438				20  
	83			71			LL			400			286			336				20  
	84			143			LR			400			0			367				19  
	85			49			LR			400			0			414				19  
	86			104			LR			400			0			426				19  
	87			97			LR			400			0			457				19  
	88			87			RL			400			0			439				20  
	89			112			RL			400			0			435				20  
	90			110			RL			400			0			363				20  
	91			153			RL			400			0			395				20  
	92			83			RR			400			-286			313				19  
	93			86			RR			400			-286			284				19  
	94			91			RR			400			-286			303				19  
	95			118			RR			400			-286			345				19  
	96			159			LL			600			0			423				20  
	97			149			LL			600			0			420				20  
	98			55			LL			600			0			411				20  
	99			156			LL			600			0			410				20  
	100			147			LR			600			0			319				19  
	101			130			LR			600			0			438				19  
	102			141			LR			600			0			533				19  
	103			54			LR			600			0			315				19  
	104			67			RL			600			0			379				20  
	105			51			RL			600			0			287				20  
	106			123			RL			600			0			471				20  
	107			46			RL			600			0			349				20  
	108			127			RR			600			0			379				19  
	109			65			RR			600			0			481				19  
	110			72			RR			600			0			427				19  
	111			136			RR			600			0			396				19  
	112			62			LL			600			286			395				20  
	113			79			LL			600			286			451				20  
	114			60			LL			600			286			442				20  
	115			43			LL			600			286			348				20  
	116			76			LR			600			0			320				19  
	117			40			LR			600			0			391				19  
	118			77			LR			600			0			378				19  
	119			150			LR			600			0			349				19  
	120			108			RL			600			0			328				20  
	121			48			RL			600			0			407				20  
	122			78			RL			600			0			481				20  
	123			138			RL			600			0			416				20  
	124			85			RR			600			-286			297				19  
	125			63			RR			600			-286			411				19  
	126			140			RR			600			-286			320				19  
	127			81			RR			600			-286			338				19  
	128			129			LL			800			0			394				20  
	129			122			LL			800			0			424				20  
	130			96			LL			800			0			390				20  
	131			148			LL			800			0			342				20  
	132			134			LR			800			0			403				19  
	133			135			LR			800			0			395				19  
	134			105			LR			800			0			364				19  
	135			35			LR			800			0			300				19  
	136			95			RL			800			0			381				20  
	137			158			RL			800			0			373				20  
	138			89			RL			800			0			371				20  
	139			64			RL			800			0			484				20  
	140			126			RR			800			0			516				19  
	141			74			RR			800			0			454				19  
	142			99			RR			800			0			423				19  
	143			33			RR			800			0			454				19  
	144			128			LL			800			286			380				20  
	145			132			LL			800			286			279				20  
	146			38			LL			800			286			343				20  
	147			131			LL			800			286			332				20  
	148			59			LR			800			0			286				19  
	149			101			LR			800			0			300				19  
	150			75			LR			800			0			515				19  
	151			142			LR			800			0			332				19  
	152			157			RL			800			0			341				20  
	153			39			RL			800			0			464				20  
	154			103			RL			800			0			392				20  
	155			90			RL			800			0			302				20  
	156			115			RR			800			-286			374				19  
	157			66			RR			800			-286			434				19  
	158			102			RR			800			-286			287				19  
	159			152			RR			800			-286			391				19  
