

#! index		TrOrder		TrType			CTOA		CTD			RT		KeyPressed
	0			1			LL			200			0			729				20  
	1			21			LR			200			0			443				19  
	2			27			RL			200			0			480				20  
	3			5			RR			200			0			607				19  
	4			0			LL			200			286			3543				19  
	5			15			LR			200			0			515				19  
	6			29			RL			200			0			423				20  
	7			14			RR			200			-286			544				19  
	8			11			LL			400			0			678				20  
	9			10			LR			400			0			531				19  
	10			24			RL			400			0			469				20  
	11			25			RR			400			0			437				19  
	12			3			LL			400			286			743				20  
	13			8			LR			400			0			468				19  
	14			28			RL			400			0			378				20  
	15			4			RR			400			-286			653				19  
	16			12			LL			600			0			474				20  
	17			18			LR			600			0			526				19  
	18			30			RL			600			0			331				20  
	19			22			RR			600			0			361				19  
	20			20			LL			600			286			482				20  
	21			7			LR			600			0			789				19  
	22			26			RL			600			0			483				20  
	23			16			RR			600			-286			544				19  
	24			2			LL			800			0			437				20  
	25			31			LR			800			0			423				19  
	26			19			RL			800			0			512				20  
	27			6			RR			800			0			648				19  
	28			9			LL			800			286			557				20  
	29			17			LR			800			0			482				19  
	30			23			RL			800			0			436				20  
	31			13			RR			800			-286			529				19  
	32			104			LL			200			0			514				20  
	33			121			LL			200			0			441				20  
	34			158			LL			200			0			420				20  
	35			73			LL			200			0			422				20  
	36			124			LR			200			0			454				19  
	37			81			LR			200			0			453				19  
	38			98			LR			200			0			452				19  
	39			66			LR			200			0			483				19  
	40			130			RL			200			0			515				20  
	41			142			RL			200			0			468				20  
	42			113			RL			200			0			484				20  
	43			101			RL			200			0			483				20  
	44			159			RR			200			0			453				19  
	45			44			RR			200			0			454				19  
	46			117			RR			200			0			515				19  
	47			137			RR			200			0			441				19  
	48			111			LL			200			286			452				20  
	49			93			LL			200			286			422				20  
	50			100			LL			200			286			422				20  
	51			105			LL			200			286			514				20  
	52			69			LR			200			0			454				19  
	53			84			LR			200			0			484				19  
	54			145			LR			200			0			423				19  
	55			35			LR			200			0			606				19  
	56			51			RL			200			0			483				20  
	57			76			RL			200			0			454				20  
	58			139			RL			200			0			484				20  
	59			75			RL			200			0			485				20  
	60			53			RR			200			-286			392				19  
	61			157			RR			200			-286			422				19  
	62			151			RR			200			-286			407				19  
	63			127			RR			200			-286			592				19  
	64			134			LL			400			0			376				20  
	65			72			LL			400			0			470				20  
	66			125			LL			400			0			498				20  
	67			32			LL			400			0			447				20  
	68			50			LR			400			0			495				19  
	69			143			LR			400			0			440				19  
	70			144			LR			400			0			515				19  
	71			70			LR			400			0			435				19  
	72			89			RL			400			0			466				20  
	73			155			RL			400			0			408				20  
	74			86			RL			400			0			439				20  
	75			60			RL			400			0			560				20  
	76			78			RR			400			0			408				19  
	77			138			RR			400			0			347				19  
	78			95			RR			400			0			438				19  
	79			43			RR			400			0			407				19  
	80			91			LL			400			286			468				20  
	81			52			LL			400			286			346				20  
	82			132			LL			400			286			375				20  
	83			61			LL			400			286			379				20  
	84			36			LR			400			0			439				19  
	85			116			LR			400			0			621				19  
	86			126			LR			400			0			439				19  
	87			128			LR			400			0			532				19  
	88			41			RL			400			0			435				20  
	89			80			RL			400			0			407				20  
	90			136			RL			400			0			407				20  
	91			37			RL			400			0			438				20  
	92			110			RR			400			-286			378				19  
	93			49			RR			400			-286			378				19  
	94			88			RR			400			-286			529				19  
	95			58			RR			400			-286			346				19  
	96			96			LL			600			0			389				20  
	97			135			LL			600			0			390				20  
	98			115			LL			600			0			423				20  
	99			68			LL			600			0			360				20  
	100			119			LR			600			0			457				19  
	101			45			LR			600			0			391				19  
	102			87			LR			600			0			421				19  
	103			71			LR			600			0			423				19  
	104			82			RL			600			0			361				20  
	105			33			RL			600			0			544				20  
	106			108			RL			600			0			390				20  
	107			34			RL			600			0			480				20  
	108			74			RR			600			0			360				19  
	109			59			RR			600			0			480				19  
	110			102			RR			600			0			453				19  
	111			109			RR			600			0			483				19  
	112			57			LL			600			286			330				20  
	113			99			LL			600			286			452				20  
	114			67			LL			600			286			361				20  
	115			146			LL			600			286			422				20  
	116			85			LR			600			0			362				19  
	117			107			LR			600			0			454				19  
	118			131			LR			600			0			421				19  
	119			92			LR			600			0			422				19  
	120			150			RL			600			0			453				20  
	121			147			RL			600			0			392				20  
	122			55			RL			600			0			421				20  
	123			112			RL			600			0			418				20  
	124			123			RR			600			-286			638				19  
	125			83			RR			600			-286			514				19  
	126			47			RR			600			-286			421				19  
	127			65			RR			600			-286			357				19  
	128			54			LL			800			0			406				20  
	129			39			LL			800			0			467				20  
	130			56			LL			800			0			454				20  
	131			120			LL			800			0			437				20  
	132			77			LR			800			0			375				19  
	133			48			LR			800			0			435				19  
	134			79			LR			800			0			467				19  
	135			103			LR			800			0			405				19  
	136			94			RL			800			0			436				20  
	137			64			RL			800			0			407				20  
	138			154			RL			800			0			436				20  
	139			90			RL			800			0			498				20  
	140			153			RR			800			0			527				19  
	141			38			RR			800			0			435				19  
	142			129			RR			800			0			497				19  
	143			141			RR			800			0			490				19  
	144			63			LL			800			286			406				20  
	145			62			LL			800			286			343				20  
	146			97			LL			800			286			333				20  
	147			46			LL			800			286			468				20  
	148			152			LR			800			0			376				19  
	149			40			LR			800			0			404				19  
	150			133			LR			800			0			437				19  
	151			156			LR			800			0			344				19  
	152			140			RL			800			0			374				20  
	153			149			RL			800			0			437				20  
	154			42			RL			800			0			435				20  
	155			122			RL			800			0			435				20  
	156			114			RR			800			-286			405				19  
	157			148			RR			800			-286			465				19  
	158			106			RR			800			-286			374				19  
	159			118			RR			800			-286			619				19  
