

#! index		TrType			CTOA		CTD			RT		KeyPressed
	0			LL				804			58			428				19  
	1			LL				272			27			377				20  
	2			RR				794			-222			341				19  
	3			RL				556			177			306				20  
	4			LL				444			62			327				20  
	5			RL				731			52			283				20  
	6			LR				253			-88			324				19  
	7			RR				343			-174			367				19  
	8			LR				612			-155			280				19  
	9			LR				465			-106			336				19  
	10			LL				989			122			301				20  
	11			LR				354			-126			324				19  
	12			LL				430			88			370				20  
	13			LR				253			-284			304				19  
	14			RR				749			-64			327				19  
	15			LR				923			-257			303				19  
	16			RL				269			52			318				20  
	17			RL				517			267			346				20  
	18			LL				204			80			384				20  
	19			RL				639			207			285				20  
	20			RL				937			263			322				20  
	21			RL				481			59			350				20  
	22			LL				834			67			335				20  
	23			LL				282			203			335				20  
	24			RR				277			-141			371				20  
	25			RL				457			268			313				20  
	26			RR				377			-128			393				19  
	27			LL				524			40			340				20  
	28			LL				472			99			296				20  
	29			RL				698			253			314				20  
	30			RL				477			117			325				20  
	31			RR				413			-37			357				19  
	32			RR				579			-39			314				19  
	33			RR				768			-60			309				19  
	34			RR				538			-277			321				19  
	35			LR				932			-181			357				19  
	36			RL				883			110			378				20  
	37			RR				443			-153			388				19  
	38			LR				556			-197			333				19  
	39			RR				834			-112			366				19  
	40			LL				743			5			423				20  
	41			LR				272			-284			346				19  
	42			RR				376			-219			364				19  
	43			RL				485			183			345				20  
	44			LL				653			174			301				20  
	45			LL				629			258			326				20  
	46			RR				337			-120			372				19  
	47			LL				647			97			339				20  
	48			RL				275			171			400				20  
	49			LR				827			-138			278				19  
	50			LL				341			204			338				20  
	51			LL				356			61			353				20  
	52			LR				352			-53			325				19  
	53			RR				965			-249			295				19  
	54			LR				677			-280			337				19  
	55			RR				367			0			344				19  
	56			LL				291			251			357				20  
	57			RL				627			17			359				20  
	58			RL				899			197			331				20  
	59			LR				580			-31			312				19  
	60			RL				968			59			324				20  
	61			RR				741			-113			304				19  
	62			LL				913			231			377				20  
	63			RR				264			-164			382				19  
	64			RL				962			259			296				20  
	65			RR				945			-222			315				19  
	66			RR				948			-235			339				19  
	67			LR				852			-121			317				19  
	68			LR				903			-34			297				19  
	69			RR				655			-171			298				19  
	70			RR				743			-73			335				19  
	71			LR				910			-31			287				19  
	72			LR				428			-43			342				19  
	73			LR				275			-43			344				19  
	74			LR				735			-213			265				19  
	75			LR				662			-158			322				19  
	76			LL				485			135			317				20  
	77			LL				343			264			333				20  
	78			RR				682			-72			294				19  
	79			LR				778			-16			293				19  
	80			LL				458			234			313				20  
	81			LL				663			74			322				20  
	82			LR				750			-169			296				19  
	83			LR				871			-1			358				19  
	84			LL				991			106			331				20  
	85			RL				789			191			348				20  
	86			LL				432			257			370				20  
	87			LL				810			272			329				20  
	88			RR				751			-251			386				19  
	89			RL				955			107			335				20  
	90			RR				201			-157			402				19  
	91			LR				857			-176			373				19  
	92			LL				265			276			383				20  
	93			RR				740			-116			335				19  
	94			RR				744			-149			363				19  
	95			RL				241			60			347				19  
	96			LL				776			74			362				20  
	97			RR				697			-139			300				19  
	98			LR				658			-90			788				19  
	99			LR				562			-249			301				19  
	100			LR				863			-214			305				19  
	101			LL				504			59			419				20  
	102			LR				997			-100			315				19  
	103			RR				969			-96			351				19  
	104			RL				496			88			398				20  
	105			RL				913			6			376				20  
	106			LR				282			-7			366				19  
	107			LL				489			226			373				20  
	108			RL				878			71			383				20  
	109			LL				332			185			407				20  
	110			RR				229			-14			385				19  
	111			LR				829			-78			339				19  
	112			LR				994			-165			296				19  
	113			LR				475			-160			357				19  
	114			RL				744			63			393				20  
	115			RL				993			267			390				20  
	116			RL				211			105			385				20  
	117			RR				232			-121			510				19  
	118			RR				866			-15			362				19  
	119			RR				264			-38			368				19  
	120			LL				783			13			320				20  
	121			RR				824			-96			285				19  
	122			RR				243			-178			558				19  
	123			LL				707			250			327				20  
	124			RR				356			-141			354				19  
	125			RR				535			-2			296				19  
	126			RR				484			-178			285				19  
	127			RR				780			-171			264				19  
	128			RL				320			121			389				20  
	129			RR				363			-118			316				19  
	130			RL				471			126			321				20  
	131			LR				507			-73			327				19  
	132			LR				777			-18			329				19  
	133			RR				477			-61			385				19  
	134			LL				378			13			363				20  
	135			RL				774			248			364				20  
	136			RR				781			-202			296				19  
	137			RL				479			167			353				20  
	138			RR				959			-85			297				19  
	139			LL				499			26			333				20  
	140			LR				831			-175			276				19  
	141			RR				385			-261			325				19  
	142			LR				591			-78			270				19  
	143			RR				642			-75			281				19  
	144			LL				813			129			294				20  
	145			RR				850			-16			377				19  
	146			RL				746			5			302				20  
	147			RR				512			-201			319				19  
	148			RR				982			-155			339				19  
	149			LL				421			166			320				20  
	150			RR				493			-275			277				19  
	151			LL				984			208			306				20  
	152			RL				917			61			365				20  
	153			LL				335			14			404				20  
	154			LL				546			30			317				20  
	155			RR				907			-252			291				19  
	156			LR				953			-109			366				19  
	157			RR				968			-66			322				19  
	158			RR				732			-9			331				19  
	159			LL				366			59			435				20  
	160			RL				832			48			396				20  
	161			LR				802			-104			306				19  
	162			LR				585			-13			337				19  
	163			RL				757			81			379				20  
	164			RR				797			-82			311				19  
	165			RR				881			-30			344				19  
	166			RR				786			-172			352				19  
	167			RR				293			-141			340				19  
	168			LR				480			-103			291				19  
	169			RL				507			145			326				20  
	170			LR				672			-5			312				19  
	171			LL				809			146			389				20  
	172			RL				301			257			378				20  
	173			LR				340			-131			339				19  
	174			LL				568			129			294				20  
	175			RR				799			-94			370				19  
	176			RL				883			42			346				20  
	177			RR				566			-264			356				19  
	178			LL				962			105			360				20  
	179			RL				453			6			409				20  
	180			LL				859			132			369				20  
	181			RR				875			-189			383				19  
	182			LL				486			96			398				20  
	183			LL				407			204			393				20  
	184			RL				776			238			332				20  
	185			LR				338			-231			341				19  
	186			LR				601			-147			291				19  
	187			RL				718			97			327				20  
	188			RL				659			147			418				20  
	189			LL				955			20			395				20  
	190			RR				973			-63			318				19  
	191			RL				545			37			379				20  
	192			LL				273			48			437				20  
	193			LR				545			-108			317				19  
	194			LL				316			15			394				20  
	195			LL				985			135			338				20  
	196			RL				832			214			396				20  
	197			LR				445			-138			387				19  
	198			RR				718			-48			330				19  
	199			RR				329			-49			380				19  
	200			RR				387			0			322				19  
	201			LR				564			-193			298				19  
	202			LR				669			-202			300				19  
	203			RR				804			-285			364				19  
	204			RR				308			-3			371				19  
	205			RR				351			-55			357				19  
	206			RL				731			252			359				20  
	207			LL				531			62			361				20  
	208			RL				918			36			332				20  
	209			RR				255			-280			365				19  
	210			LL				394			229			365				20  
	211			RL				396			15			344				20  
	212			LL				937			113			324				20  
	213			RR				704			-49			340				19  
	214			RR				703			-27			313				19  
	215			LL				711			285			333				20  
	216			RR				867			-198			316				19  
	217			LL				773			198			334				20  
	218			LL				946			97			345				20  
	219			LL				247			43			461				20  
	220			LR				232			-56			387				19  
	221			RL				873			199			324				20  
	222			RL				916			224			375				20  
	223			LR				434			-179			337				19  
	224			RR				573			-173			347				19  
	225			RL				650			221			367				20  
	226			LR				649			-173			336				19  
	227			LL				404			243			365				20  
	228			LL				959			285			300				20  
	229			LL				432			60			368				20  
	230			LL				555			191			308				20  
	231			RR				713			-106			333				19  
	232			RR				472			-285			330				19  
	233			LL				300			72			379				20  
	234			RL				802			39			366				20  
	235			LL				487			189			316				19  
	236			RL				306			5			372				20  
	237			RR				791			-26			317				19  
	238			RR				674			-29			306				19  
	239			LL				672			48			403				20  
	240			RL				841			79			379				20  
	241			LR				576			-65			318				19  
	242			RL				873			21			356				20  
	243			RR				871			-61			375				19  
	244			RL				273			235			376				20  
	245			RR				383			-283			356				19  
	246			LL				912			207			333				20  
	247			RR				927			-203			286				19  
	248			LR				203			-185			355				19  
	249			RR				284			-250			333				19  
