

#! index		TrType			CTOA		CTD			RT		KeyPressed
	0			LL				350			149			487				19  
	1			RL				612			279			361				20  
	2			LL				756			131			353				20  
	3			RR				731			-265			365				19  
	4			LL				799			213			402				19  
	5			LR				777			-17			516				19  
	6			LR				779			-158			332				19  
	7			RL				325			170			419				20  
	8			LL				636			187			350				20  
	9			LL				756			31			468				20  
	10			LR				761			-49			410				19  
	11			LL				474			206			391				20  
	12			LL				460			237			375				20  
	13			RR				737			-209			527				19  
	14			RR				693			-225			401				19  
	15			RR				540			-17			480				19  
	16			RR				577			-120			442				19  
	17			LL				309			263			617				20  
	18			RR				666			-17			413				19  
	19			RL				459			71			467				20  
	20			RL				526			196			494				20  
	21			LL				629			232			360				20  
	22			RL				462			246			432				20  
	23			LR				359			-229			370				19  
	24			LR				799			-211			341				19  
	25			RR				673			-182			409				19  
	26			LR				710			-143			430				19  
	27			RL				362			165			401				20  
	28			LR				316			-108			368				19  
	29			RR				354			-31			480				19  
	30			LR				503			-221			319				19  
	31			LL				315			256			519				20  
	32			RL				202			130			452				20  
	33			RR				720			-259			543				19  
	34			RR				601			-52			416				19  
	35			RL				444			7			361				20  
	36			LR				227			-142			420				19  
	37			RL				529			43			429				20  
	38			RR				276			-167			497				19  
	39			LL				503			129			363				20  
	40			RL				569			246			328				20  
	41			RR				434			-281			462				19  
	42			RR				372			-156			387				19  
	43			RR				645			-107			372				19  
	44			LR				590			-58			521				19  
	45			RR				700			-235			380				19  
	46			RR				715			-83			424				19  
	47			LR				414			-8			421				19  
	48			RL				506			276			451				20  
	49			LL				258			44			516				20  
	50			RL				529			244			367				20  
	51			LL				445			212			472				20  
	52			LR				436			-182			460				19  
	53			LL				764			113			499				20  
	54			RR				390			-236			507				19  
	55			RL				513			190			434				20  
	56			LR				407			-157			459				19  
	57			RR				582			-281			376				19  
	58			LR				600			-155			373				19  
	59			LR				579			-174			379				19  
	60			RR				673			-83			437				19  
	61			LR				585			-104			404				19  
	62			RR				431			-207			404				19  
	63			RL				213			237			542				20  
	64			LL				452			167			504				20  
	65			RL				349			49			730				20  
	66			RR				749			-177			485				19  
	67			RL				479			121			356				20  
	68			LL				469			211			365				20  
	69			RR				795			-43			470				19  
	70			RL				561			32			397				20  
	71			LR				737			-138			448				19  
	72			RL				357			71			601				20  
	73			RL				792			273			288				20  
	74			LL				691			279			418				20  
	75			LR				441			-150			425				19  
	76			LR				545			-119			259				19  
	77			RL				316			270			336				20  
	78			LL				570			40			449				20  
	79			LL				414			277			389				20  
	80			RR				506			-168			483				19  
	81			RL				574			243			412				20  
	82			RR				265			-142			509				19  
	83			RR				414			-48			437				19  
	84			RL				387			74			387				20  
	85			LL				374			172			369				20  
	86			RL				689			245			321				20  
	87			RR				340			-166			402				20  
	88			RL				307			215			405				20  
	89			RR				392			-262			597				19  
	90			LR				375			-196			367				19  
	91			LL				728			100			352				20  
	92			LL				639			78			348				20  
	93			LR				338			-54			467				19  
	94			RR				439			-263			426				19  
	95			LL				595			16			364				20  
	96			RR				356			-219			418				19  
	97			LL				271			192			471				20  
	98			LR				620			-55			399				19  
	99			RL				472			21			332				20  
	100			RR				422			-132			443				19  
	101			RR				234			-136			373				19  
	102			RL				444			171			360				20  
	103			RR				609			-23			348				19  
	104			LL				723			249			328				20  
	105			RR				676			-274			374				19  
	106			LL				711			246			400				20  
	107			LL				571			284			355				20  
	108			RR				375			-88			399				19  
	109			LR				491			-270			374				19  
	110			RL				536			249			362				20  
	111			RR				214			-194			389				19  
	112			LL				500			62			398				20  
	113			RR				260			-283			637				19  
	114			RR				308			-45			526				19  
	115			RL				232			281			410				20  
	116			LR				208			-20			389				19  
	117			LL				725			79			446				20  
	118			LR				723			-53			387				19  
	119			RR				309			-156			404				19  
	120			LR				276			-79			345				19  
	121			LR				799			-18			312				19  
	122			RR				607			-74			472				19  
	123			RR				739			-40			341				19  
	124			LL				733			254			378				20  
	125			LL				228			124			421				20  
	126			LL				219			238			297				20  
	127			LL				263			243			296				20  
	128			RR				430			-45			437				19  
	129			LL				542			272			323				20  
	130			LR				270			-88			382				19  
	131			LR				436			-196			307				19  
	132			RR				476			-162			635				19  
	133			RR				633			-156			296				19  
	134			RR				717			-201			330				19  
	135			RR				651			-263			307				19  
	136			RR				313			-42			399				19  
	137			RR				214			-72			132				19  
	138			LR				724			-65			477				19  
	139			RR				219			-110			421				19  
	140			LL				792			191			440				20  
	141			LR				377			-273			458				19  
	142			RR				790			-262			289				19  
	143			RL				529			223			397				20  
	144			LR				257			-152			456				19  
	145			LL				680			94			461				20  
	146			LR				632			-45			324				19  
	147			LR				721			-27			514				19  
	148			LR				272			-118			365				19  
	149			LR				409			-87			243				19  
	150			LR				640			-90			287				19  
	151			RL				442			205			271				20  
	152			RL				415			166			287				20  
	153			LL				366			47			429				20  
	154			LL				235			175			386				20  
	155			LL				554			232			496				20  
	156			RR				751			-57			457				19  
	157			RL				247			176			344				20  
	158			RL				304			258			279				20  
	159			LL				554			63			342				20  
	160			RR				738			-151			332				19  
	161			LL				328			38			384				20  
	162			RL				759			205			353				20  
	163			RR				508			-244			480				19  
	164			RR				607			-24			349				19  
	165			RL				375			34			431				20  
	166			LR				263			-249			449				19  
	167			RL				384			141			329				20  
	168			RL				754			68			294				20  
	169			LR				695			-94			296				19  
	170			LL				229			45			512				20  
	171			LR				547			-111			318				19  
	172			LR				627			-280			483				19  
	173			RR				459			-242			345				19  
	174			RL				372			221			402				20  
	175			RR				425			-83			532				19  
	176			RR				497			-207			338				19  
	177			LL				421			69			415				20  
	178			LL				718			266			330				20  
	179			RR				262			-60			482				19  
	180			LL				460			111			313				20  
	181			RL				555			223			310				20  
	182			LR				789			-30			351				19  
	183			RL				776			270			305				20  
	184			LL				684			132			457				20  
	185			LR				549			-77			377				19  
	186			RR				723			-53			358				19  
	187			LR				559			-117			460				19  
	188			LL				704			158			374				20  
	189			LL				663			151			388				20  
	190			RL				791			157			441				20  
	191			LR				425			-43			379				19  
	192			LR				295			-134			418				19  
	193			LL				359			61			475				20  
	194			LL				325			72			399				20  
	195			RL				602			189			355				20  
	196			LR				765			-162			286				19  
	197			LL				277			241			405				20  
	198			RR				523			-280			312				20  
	199			RL				257			64			425				20  
	200			RL				574			257			292				20  
	201			LL				305			49			428				20  
	202			LL				397			121			316				20  
	203			LR				678			-181			370				19  
	204			RL				208			187			392				20  
	205			LR				359			-74			505				19  
	206			LR				757			-210			278				19  
	207			LR				498			-231			307				19  
	208			RR				404			-206			371				19  
	209			LL				393			116			44				20  
	210			RL				528			23			337				20  
	211			RR				469			-36			487				19  
	212			LL				571			96			449				20  
	213			RR				225			-231			513				19  
	214			LL				607			140			319				20  
	215			LR				401			-240			464				19  
	216			LL				557			39			369				20  
	217			RL				398			161			377				20  
	218			LL				282			151			369				20  
	219			LR				715			-168			396				19  
	220			RR				361			-78			322				19  
	221			LR				409			-38			366				19  
	222			RR				487			-92			471				19  
	223			LL				688			89			421				20  
	224			RL				573			89			324				20  
	225			LL				267			166			445				20  
	226			RL				773			222			339				20  
	227			RR				256			-135			701				19  
	228			LL				594			145			409				20  
	229			RR				312			-248			370				20  
	230			LL				666			221			505				20  
	231			RL				231			36			513				20  
	232			LL				312			29			431				20  
	233			RR				506			-33			453				19  
	234			LR				693			-233			295				19  
	235			RL				281			242			370				20  
	236			RL				630			135			327				20  
	237			RL				497			123			298				20  
	238			LR				781			-151			330				19  
	239			LR				487			-138			471				19  
	240			LR				407			-202			274				19  
	241			LR				272			-80			349				19  
	242			RL				349			96			333				20  
	243			LL				410			58			486				20  
	244			RR				481			-198			446				19  
	245			RR				370			-85			373				19  
	246			RL				278			244			389				20  
	247			LL				562			145			609				20  
	248			LL				222			234			390				20  
	249			RL				539			90			326				20  
