

#! index		TrType			CTOA		CTD			RT		KeyPressed
	0			LR				334			-262			501				19  
	1			RR				213			-61			330				19  
	2			RR				246			-165			375				19  
	3			RL				337			244			117				19  
	4			RR				665			-167			386				19  
	5			RR				773			-230			431				19  
	6			RL				685			5			632				19  
	7			RL				510			139			508				20  
	8			LR				566			-279			55				20  
	9			LR				625			-192			457				19  
	10			RL				736			19			313				19  
	11			RL				687			277			422				20  
	12			RR				217			-252			514				19  
	13			LL				564			139			364				20  
	14			RR				477			-132			358				19  
	15			RR				228			-88			561				19  
	16			RL				710			258			586				20  
	17			LL				721			121			664				20  
	18			RL				414			241			484				20  
	19			LR				400			-90			191				20  
	20			LR				204			-2			519				19  
	21			LL				246			206			529				20  
	22			LL				229			147			728				20  
	23			RL				758			153			322				19  
	24			LL				450			94			507				20  
	25			LR				728			-23			36				20  
	26			LL				313			184			625				20  
	27			RR				255			-207			596				19  
	28			LR				510			-119			419				19  
	29			RL				418			233			510				19  
	30			RL				607			31			350				20  
	31			RR				611			-62			346				19  
	32			RR				445			-101			390				20  
	33			RL				754			27			326				20  
	34			LL				475			86			544				20  
	35			LL				674			159			438				20  
	36			LL				724			189			631				20  
	37			LR				512			-182			385				19  
	38			RR				347			-276			610				19  
	39			LL				597			181			605				20  
	40			RR				486			-88			380				19  
	41			RL				552			17			744				19  
	42			RR				683			-246			457				19  
	43			RR				294			-169			681				19  
	44			LR				353			-212			1246				19  
	45			LL				535			221			424				20  
	46			LL				270			284			628				20  
	47			RL				667			88			2431				20  
	48			RR				449			-40			142				19  
	49			LR				430			-96			374				19  
	50			RR				211			-59			515				19  
	51			RL				396			219			71				19  
	52			LR				432			-211			342				19  
	53			LR				349			-180			212				20  
	54			RL				705			281			436				19  
	55			LR				552			-35			513				19  
	56			LR				417			-40			325				20  
	57			LL				415			193			665				20  
	58			RL				600			131			847				20  
	59			RR				685			-258			459				19  
	60			LL				286			236			489				20  
	61			LR				412			-96			452				19  
	62			RL				273			186			288				19  
	63			RR				716			-36			425				19  
	64			RR				495			-245			464				19  
	65			LR				485			-42			473				19  
	66			RR				560			-158			550				19  
	67			LL				644			211			712				20  
	68			RR				451			-97			445				19  
	69			RL				727			93			492				20  
	70			RL				669			95			534				20  
	71			LL				566			189			482				20  
	72			LL				768			109			864				20  
	73			LL				561			101			510				20  
	74			RL				637			47			473				19  
	75			LL				552			161			527				20  
	76			RL				641			93			685				19  
	77			LR				374			-128			462				19  
	78			RR				218			-67			666				19  
	79			RL				424			238			441				20  
	80			LR				620			-165			93				20  
	81			LL				220			192			605				20  
	82			LL				618			255			403				20  
	83			RL				248			278			97				19  
	84			LR				460			-156			468				19  
	85			RR				560			-170			91				19  
	86			RL				300			70			505				20  
	87			RR				497			-182			553				19  
	88			LL				766			128			681				20  
	89			LR				308			-39			497				19  
	90			LL				209			174			452				20  
	91			LL				555			197			617				20  
	92			RR				359			-206			384				19  
	93			RR				295			-101			388				19  
	94			LR				280			-205			358				19  
	95			RR				610			-190			316				19  
	96			LL				368			100			498				20  
	97			RL				517			93			442				20  
	98			RL				299			95			414				20  
	99			RL				568			204			359				20  
	100			RL				650			227			0				0  
	101			LR				416			-260			0				0  
	102			RL				231			207			0				0  
	103			RR				665			-177			0				0  
	104			RR				277			-271			0				0  
	105			RL				708			251			0				0  
	106			RR				508			-279			0				0  
	107			LR				719			-163			0				0  
	108			RL				316			30			0				0  
	109			LL				517			235			0				0  
	110			RR				346			-159			0				0  
	111			LR				224			-252			0				0  
	112			LR				771			-136			0				0  
	113			LL				606			65			0				0  
	114			LL				377			32			0				0  
	115			LL				347			195			0				0  
	116			RL				274			153			0				0  
	117			LR				260			-261			0				0  
	118			RL				602			131			0				0  
	119			LL				666			177			0				0  
	120			LR				562			-152			0				0  
	121			LR				296			-230			0				0  
	122			LR				227			-37			0				0  
	123			LL				512			66			0				0  
	124			LR				648			-132			0				0  
	125			RL				717			154			0				0  
	126			RR				527			-37			0				0  
	127			RR				248			-168			0				0  
	128			RL				797			69			0				0  
	129			LR				474			-121			0				0  
	130			RR				247			-243			0				0  
	131			LL				567			90			0				0  
	132			LL				451			209			0				0  
	133			RL				530			236			0				0  
	134			LR				670			-62			0				0  
	135			LR				348			-244			0				0  
	136			RR				672			-175			0				0  
	137			RR				751			-136			0				0  
	138			RR				506			-2			0				0  
	139			LR				651			-91			0				0  
	140			LR				306			-66			0				0  
	141			LL				216			88			0				0  
	142			LR				405			-122			0				0  
	143			RR				244			-20			0				0  
	144			RR				741			-131			0				0  
	145			LL				271			203			0				0  
	146			RR				784			-146			0				0  
	147			RL				553			111			0				0  
	148			LL				238			76			0				0  
	149			RR				243			-171			0				0  
	150			LL				434			3			0				0  
	151			LL				574			10			0				0  
	152			RL				759			137			0				0  
	153			RL				417			136			0				0  
	154			RL				459			72			0				0  
	155			RL				736			79			0				0  
	156			RL				564			25			0				0  
	157			LL				271			235			0				0  
	158			LR				506			-18			0				0  
	159			LR				666			-17			0				0  
	160			RL				427			66			0				0  
	161			LR				434			-124			0				0  
	162			LR				457			-279			0				0  
	163			RL				746			170			0				0  
	164			LL				431			33			0				0  
	165			RR				583			-216			0				0  
	166			RL				750			106			0				0  
	167			RL				205			164			0				0  
	168			LL				698			240			0				0  
	169			RR				737			-51			0				0  
	170			LR				774			-260			0				0  
	171			RR				314			-75			0				0  
	172			LL				575			158			0				0  
	173			LL				563			57			0				0  
	174			LR				321			-81			0				0  
	175			LL				391			75			0				0  
	176			LL				245			242			0				0  
	177			LL				468			157			0				0  
	178			RR				212			-218			0				0  
	179			RR				717			-216			0				0  
	180			RL				225			36			0				0  
	181			RR				771			-254			0				0  
	182			RL				330			22			0				0  
	183			LL				662			51			0				0  
	184			LR				783			-190			0				0  
	185			RL				354			226			0				0  
	186			RR				512			-239			0				0  
	187			LL				421			254			0				0  
	188			LL				751			221			0				0  
	189			LL				611			158			0				0  
	190			LL				465			83			0				0  
	191			LL				542			63			0				0  
	192			LR				475			-221			0				0  
	193			LL				523			267			0				0  
	194			LL				632			85			0				0  
	195			LR				432			-280			0				0  
	196			RR				309			-211			0				0  
	197			LL				211			269			0				0  
	198			LL				745			48			0				0  
	199			RR				610			-73			0				0  
	200			LL				342			110			0				0  
	201			RR				517			-133			0				0  
	202			LR				649			-219			0				0  
	203			RR				515			-239			0				0  
	204			RL				477			251			0				0  
	205			RR				656			-51			0				0  
	206			LL				645			0			0				0  
	207			LL				488			54			0				0  
	208			LL				453			85			0				0  
	209			RL				555			27			0				0  
	210			RR				709			-95			0				0  
	211			LR				340			-40			0				0  
	212			LL				621			116			0				0  
	213			RR				481			-61			0				0  
	214			LL				383			212			0				0  
	215			RR				310			-188			0				0  
	216			RL				418			216			0				0  
	217			LL				418			250			0				0  
	218			RL				533			258			0				0  
	219			LL				713			175			0				0  
	220			LL				770			160			0				0  
	221			LR				369			-11			0				0  
	222			RR				453			-76			0				0  
	223			LR				698			-5			0				0  
	224			RR				227			-67			0				0  
	225			RR				672			-60			0				0  
	226			LR				468			-266			0				0  
	227			RL				322			36			0				0  
	228			LL				247			214			0				0  
	229			LL				789			275			0				0  
	230			LL				557			7			0				0  
	231			LR				294			-92			0				0  
	232			RR				318			-91			0				0  
	233			RL				479			225			0				0  
	234			RL				491			161			0				0  
	235			LR				633			-149			0				0  
	236			RR				760			-241			0				0  
	237			LL				718			152			0				0  
	238			LL				796			221			0				0  
	239			LL				646			249			0				0  
	240			RL				624			262			0				0  
	241			RR				639			-71			0				0  
	242			LL				232			1			0				0  
	243			RL				425			168			0				0  
	244			LL				299			62			0				0  
	245			RR				637			-181			0				0  
	246			RL				351			143			0				0  
	247			RL				258			162			0				0  
	248			RL				577			205			0				0  
	249			LR				441			-242			0				0  
