

#! index		TrOrder		TrType			CTOA		CTD			RT		KeyPressed
	0			19			LL			200			0			462				20  
	1			5			LR			200			0			665				19  
	2			11			RL			200			0			447				20  
	3			23			RR			200			0			481				19  
	4			4			LL			200			286			633				19  
	5			7			LR			200			0			366				19  
	6			16			RL			200			0			416				20  
	7			17			RR			200			-286			448				19  
	8			31			LL			400			0			490				20  
	9			6			LR			400			0			426				19  
	10			25			RL			400			0			382				20  
	11			2			RR			400			0			1997				20  
	12			27			LL			400			286			554				20  
	13			24			LR			400			0			384				19  
	14			3			RL			400			0			2231				20  
	15			8			RR			400			-286			365				19  
	16			30			LL			600			0			535				20  
	17			15			LR			600			0			453				19  
	18			12			RL			600			0			425				20  
	19			0			RR			600			0			998				19  
	20			28			LL			600			286			626				20  
	21			20			LR			600			0			443				19  
	22			18			RL			600			0			355				20  
	23			10			RR			600			-286			507				19  
	24			26			LL			800			0			381				20  
	25			13			LR			800			0			337				19  
	26			9			RL			800			0			437				20  
	27			22			RR			800			0			427				19  
	28			29			LL			800			286			627				20  
	29			21			LR			800			0			308				19  
	30			14			RL			800			0			528				20  
	31			1			RR			800			-286			1570				19  
	32			72			LL			200			0			291				19  
	33			53			LL			200			0			676				20  
	34			76			LL			200			0			401				20  
	35			37			LR			200			0			414				19  
	36			107			LR			200			0			337				19  
	37			106			LR			200			0			415				19  
	38			85			RL			200			0			415				20  
	39			33			RL			200			0			460				20  
	40			90			RL			200			0			737				20  
	41			124			RR			200			0			551				19  
	42			83			RR			200			0			460				19  
	43			112			RR			200			0			430				19  
	44			46			LL			200			286			367				20  
	45			95			LL			200			286			371				20  
	46			121			LL			200			286			400				20  
	47			102			LR			200			0			339				19  
	48			65			LR			200			0			414				19  
	49			66			LR			200			0			431				19  
	50			126			RL			200			0			461				20  
	51			44			RL			200			0			401				20  
	52			86			RL			200			0			369				20  
	53			116			RR			200			-286			338				19  
	54			89			RR			200			-286			400				19  
	55			32			RR			200			-286			478				19  
	56			41			LL			400			0			415				20  
	57			38			LL			400			0			599				20  
	58			69			LL			400			0			460				20  
	59			48			LR			400			0			385				19  
	60			57			LR			400			0			551				19  
	61			45			LR			400			0			506				19  
	62			59			RL			400			0			460				20  
	63			50			RL			400			0			445				20  
	64			42			RL			400			0			415				20  
	65			94			RR			400			0			384				19  
	66			56			RR			400			0			445				19  
	67			80			RR			400			0			323				19  
	68			49			LL			400			286			292				20  
	69			115			LL			400			286			354				20  
	70			113			LL			400			286			581				20  
	71			70			LR			400			0			307				19  
	72			119			LR			400			0			537				19  
	73			67			LR			400			0			336				19  
	74			36			RL			400			0			379				20  
	75			34			RL			400			0			477				20  
	76			93			RL			400			0			353				20  
	77			81			RR			400			-286			415				19  
	78			125			RR			400			-286			415				20  
	79			40			RR			400			-286			337				19  
	80			60			LL			600			0			429				20  
	81			88			LL			600			0			398				20  
	82			35			LL			600			0			504				20  
	83			117			LR			600			0			274				19  
	84			84			LR			600			0			460				19  
	85			63			LR			600			0			354				19  
	86			71			RL			600			0			275				20  
	87			82			RL			600			0			535				20  
	88			100			RL			600			0			382				20  
	89			64			RR			600			0			307				19  
	90			104			RR			600			0			429				19  
	91			114			RR			600			0			430				19  
	92			108			LL			600			286			460				20  
	93			52			LL			600			286			428				20  
	94			79			LL			600			286			460				20  
	95			78			LR			600			0			430				19  
	96			99			LR			600			0			350				19  
	97			55			LR			600			0			369				19  
	98			120			RL			600			0			321				20  
	99			96			RL			600			0			368				20  
	100			98			RL			600			0			399				20  
	101			87			RR			600			-286			429				19  
	102			75			RR			600			-286			307				19  
	103			74			RR			600			-286			429				19  
	104			68			LL			800			0			505				20  
	105			91			LL			800			0			549				20  
	106			61			LL			800			0			413				20  
	107			105			LR			800			0			304				19  
	108			54			LR			800			0			365				19  
	109			103			LR			800			0			273				19  
	110			77			RL			800			0			444				20  
	111			118			RL			800			0			433				20  
	112			127			RL			800			0			365				20  
	113			92			RR			800			0			396				19  
	114			122			RR			800			0			343				19  
	115			111			RR			800			0			535				19  
	116			97			LL			800			286			565				20  
	117			109			LL			800			286			321				20  
	118			39			LL			800			286			333				20  
	119			58			LR			800			0			382				19  
	120			101			LR			800			0			320				19  
	121			43			LR			800			0			290				19  
	122			73			RL			800			0			335				20  
	123			51			RL			800			0			445				20  
	124			110			RL			800			0			335				20  
	125			47			RR			800			-286			413				19  
	126			123			RR			800			-286			351				19  
	127			62			RR			800			-286			426				19  
