

#! index		TrType			CTOA		CTD			RT		KeyPressed
	0			RL				651			1			511				19  
	1			RR				878			-247			570				19  
	2			RR				640			-170			459				19  
	3			RR				509			-2			452				19  
	4			LR				696			-41			937				19  
	5			LL				389			25			418				20  
	6			RR				474			-162			413				19  
	7			LR				214			-199			435				19  
	8			RL				729			134			444				20  
	9			LL				316			246			429				20  
	10			RL				680			109			673				20  
	11			LR				683			-89			390				19  
	12			LL				575			69			630				20  
	13			LR				252			-32			462				19  
	14			LL				259			105			756				20  
	15			LR				376			-142			431				19  
	16			RL				447			113			421				20  
	17			RL				901			225			361				20  
	18			LR				659			-121			547				19  
	19			LR				235			-137			690				19  
	20			LL				924			28			493				20  
	21			RL				432			162			438				20  
	22			LL				681			167			521				20  
	23			LL				874			283			571				20  
	24			LL				965			4			483				20  
	25			LR				459			-79			470				19  
	26			RR				856			-252			442				19  
	27			RL				373			145			798				20  
	28			LL				205			226			481				20  
	29			LR				546			-64			507				19  
	30			LL				931			73			456				20  
	31			LR				210			-255			390				19  
	32			LL				663			285			415				20  
	33			RR				331			-48			507				19  
	34			RR				324			-119			420				20  
	35			LL				336			252			466				20  
	36			LL				558			187			675				20  
	37			LL				465			88			432				20  
	38			LL				871			153			610				20  
	39			RL				706			231			591				20  
	40			RL				886			281			531				20  
	41			RL				292			129			575				20  
	42			LL				207			148			939				20  
	43			LR				206			-123			510				19  
	44			LR				343			-85			496				19  
	45			RL				676			140			617				20  
	46			LL				581			143			500				20  
	47			LR				307			-209			652				19  
	48			LR				555			-277			650				19  
	49			RR				984			-182			616				19  
	50			RR				831			-63			621				19  
	51			RR				819			-234			835				19  
	52			RR				380			-285			450				19  
	53			RR				796			-96			493				19  
	54			LL				342			239			465				20  
	55			RL				581			143			713				20  
	56			LL				974			177			568				20  
	57			LR				577			-19			628				19  
	58			RL				363			101			629				20  
	59			RL				338			78			653				20  
	60			RL				850			15			599				20  
	61			LR				228			-272			664				19  
	62			RL				884			245			440				20  
	63			LR				882			-220			444				19  
	64			LR				354			-247			436				19  
	65			RR				222			-158			478				19  
	66			RR				625			-205			518				19  
	67			LR				320			-5			671				19  
	68			RL				374			218			433				20  
	69			RL				658			140			545				20  
	70			RL				879			1			571				20  
	71			RL				924			84			431				20  
	72			LR				885			-232			962				19  
	73			LR				770			-21			557				19  
	74			LR				587			-147			342				19  
	75			RL				479			123			413				20  
	76			LL				921			90			497				20  
	77			LL				697			191			507				20  
	78			LR				713			-66			337				19  
	79			RR				525			-275			468				19  
	80			RR				917			-145			409				19  
	81			RL				923			26			464				20  
	82			RL				360			151			478				20  
	83			LR				210			-235			511				19  
	84			RR				270			-87			458				19  
	85			LL				681			234			461				20  
	86			LL				226			246			570				20  
	87			RL				478			16			386				20  
	88			LR				215			-135			446				19  
	89			RL				399			131			471				20  
	90			RL				371			84			437				20  
	91			RL				779			10			582				20  
	92			RL				853			182			383				20  
	93			RL				477			271			393				20  
	94			RR				335			-213			624				19  
	95			LR				580			-255			563				19  
	96			LR				434			-269			373				19  
	97			RR				324			-175			545				19  
	98			RR				371			-264			434				19  
	99			LL				749			183			487				20  
	100			LR				317			-74			518				19  
	101			LL				554			222			493				20  
	102			RR				584			-142			347				19  
	103			LL				294			66			452				20  
	104			LR				253			-16			398				19  
	105			RR				850			-137			380				19  
	106			LL				765			268			431				20  
	107			LR				719			-212			579				19  
	108			LR				409			-161			399				19  
	109			LL				349			182			426				20  
	110			LR				863			-265			465				19  
	111			RR				271			-268			567				19  
	112			LL				894			220			432				20  
	113			LR				494			-270			441				20  
	114			LR				681			-83			433				19  
	115			LL				726			32			477				20  
	116			RR				310			-65			467				19  
	117			RL				260			143			638				20  
	118			RR				854			-282			555				19  
	119			LL				506			45			694				20  
	120			RR				218			-136			479				19  
	121			RR				960			-68			581				19  
	122			RR				912			-138			411				19  
	123			LL				728			241			570				20  
	124			RR				685			-77			638				19  
	125			LR				920			-146			623				19  
	126			RL				211			131			819				20  
	127			RL				395			16			810				20  
	128			LR				797			-261			349				19  
	129			RR				787			-274			448				19  
	130			RR				915			-238			624				19  
	131			RR				498			-227			525				19  
	132			RL				690			179			448				20  
	133			LR				277			-236			498				19  
	134			LL				952			179			588				20  
	135			RR				369			-24			497				19  
	136			RR				779			-195			456				19  
	137			LL				347			102			460				20  
	138			RR				393			-242			445				19  
	139			RL				325			206			561				20  
	140			RL				293			177			505				20  
	141			RR				960			-133			470				19  
	142			RL				797			59			469				20  
	143			RL				499			173			491				20  
	144			RL				360			176			538				20  
	145			RR				863			-149			586				19  
	146			RL				932			127			519				20  
	147			RL				679			175			585				20  
	148			RR				965			-151			516				19  
	149			LL				843			50			757				20  
	150			LL				620			206			616				20  
	151			LL				315			181			543				20  
	152			RR				689			-47			453				19  
	153			LR				855			-226			471				19  
	154			LR				542			-102			327				19  
	155			LR				235			-38			479				19  
	156			LL				654			182			609				20  
	157			RR				212			-93			602				19  
	158			RR				704			-73			405				19  
	159			RL				328			98			510				20  
	160			LL				470			156			521				20  
	161			LL				247			200			713				20  
	162			RR				756			-171			390				19  
	163			RL				888			250			516				20  
	164			LL				720			100			515				20  
	165			LL				207			187			447				20  
	166			RL				316			250			582				20  
	167			RL				827			198			377				20  
	168			LR				289			-134			458				19  
	169			RL				495			14			337				20  
	170			RR				771			-44			615				19  
	171			RR				409			-115			553				20  
	172			RL				969			76			423				20  
	173			LR				650			-271			469				19  
	174			LL				549			16			522				20  
	175			LL				830			60			529				20  
	176			LR				553			-266			526				19  
	177			LL				452			191			507				20  
	178			LL				208			10			631				20  
	179			RL				583			161			347				20  
	180			LR				623			-123			552				19  
	181			RL				747			101			364				20  
	182			LR				271			-279			537				19  
	183			LL				484			131			567				20  
	184			LR				442			-168			456				19  
	185			LR				487			-209			564				19  
	186			RL				656			5			385				20  
	187			LL				601			25			511				20  
	188			LL				337			77			491				20  
	189			RL				366			235			473				20  
	190			LL				817			26			597				20  
	191			RL				361			177			569				20  
	192			RR				646			-31			467				19  
	193			LL				628			46			668				20  
	194			LR				995			-186			484				19  
	195			RR				667			-266			479				19  
	196			LR				452			-185			540				19  
	197			RR				466			-196			416				19  
	198			LL				537			209			361				20  
	199			LR				754			-73			421				19  
	200			LL				614			89			714				20  
	201			LR				687			-15			447				19  
	202			RR				382			-252			515				19  
	203			LR				470			-19			491				19  
	204			LR				600			-159			328				19  
	205			RR				322			-115			455				19  
	206			LR				267			-235			538				19  
	207			RL				787			212			541				20  
	208			LL				535			239			610				20  
	209			RL				320			38			611				20  
	210			LL				526			59			617				20  
	211			RR				777			-137			451				19  
	212			LL				820			89			382				20  
	213			LR				726			-195			537				19  
	214			RR				781			-12			425				19  
	215			LL				426			283			622				20  
	216			LL				750			72			619				20  
	217			RR				608			-243			382				19  
	218			LR				403			-248			571				19  
	219			LR				271			-165			505				19  
	220			RR				380			-231			734				19  
	221			RL				545			185			539				20  
	222			LR				930			-204			364				19  
	223			LL				382			33			487				20  
	224			RL				928			6			488				20  
	225			LL				964			23			485				20  
	226			RL				958			64			481				20  
	227			LL				362			28			531				20  
	228			LR				243			-113			738				19  
	229			RL				938			241			539				20  
	230			RR				602			-200			510				19  
	231			LL				449			79			481				20  
	232			LL				967			180			510				20  
	233			LR				738			-183			525				19  
	234			LR				832			-108			585				19  
	235			LL				851			115			691				20  
	236			LL				917			31			502				20  
	237			LR				296			-94			508				19  
	238			LR				378			-230			917				19  
	239			LR				696			-105			478				19  
	240			RR				571			-44			512				19  
	241			LL				332			108			535				20  
	242			LL				554			146			529				20  
	243			RR				259			-250			550				19  
	244			RL				774			42			583				20  
	245			LR				278			-107			530				19  
	246			LR				600			-158			699				19  
	247			LR				689			-266			501				19  
	248			RL				954			104			588				20  
	249			LR				798			-206			379				19  
