

#! index		TrOrder		TrType			CTOA		CTD			RT		KeyPressed
	0			25			LL			200			0			502				20  
	1			15			LR			200			0			535				19  
	2			6			RL			200			0			596				20  
	3			30			RR			200			0			565				19  
	4			17			LL			200			286			566				20  
	5			20			LR			200			0			534				19  
	6			26			RL			200			0			475				20  
	7			12			RR			200			-286			525				19  
	8			16			LL			400			0			460				20  
	9			22			LR			400			0			397				19  
	10			5			RL			400			0			734				20  
	11			4			RR			400			0			703				19  
	12			23			LL			400			286			485				20  
	13			1			LR			400			0			642				19  
	14			19			RL			400			0			398				20  
	15			13			RR			400			-286			519				19  
	16			8			LL			600			0			655				20  
	17			0			LR			600			0			810				19  
	18			3			RL			600			0			656				20  
	19			24			RR			600			0			504				19  
	20			10			LL			600			286			535				20  
	21			27			LR			600			0			471				19  
	22			21			RL			600			0			413				20  
	23			14			RR			600			-286			474				19  
	24			2			LL			800			0			639				20  
	25			18			LR			800			0			485				19  
	26			11			RL			800			0			518				20  
	27			31			RR			800			0			610				19  
	28			9			LL			800			286			514				20  
	29			7			LR			800			0			568				19  
	30			28			RL			800			0			427				20  
	31			29			RR			800			-286			426				19  
	32			75			LL			200			0			536				20  
	33			159			LL			200			0			563				20  
	34			67			LL			200			0			562				20  
	35			55			LL			200			0			474				20  
	36			33			LR			200			0			428				19  
	37			54			LR			200			0			536				19  
	38			48			LR			200			0			411				19  
	39			125			LR			200			0			413				19  
	40			131			RL			200			0			408				20  
	41			68			RL			200			0			408				20  
	42			134			RL			200			0			536				20  
	43			128			RL			200			0			504				20  
	44			93			RR			200			0			475				19  
	45			104			RR			200			0			473				19  
	46			58			RR			200			0			594				19  
	47			35			RR			200			0			443				19  
	48			90			LL			200			286			504				20  
	49			143			LL			200			286			401				20  
	50			81			LL			200			286			534				20  
	51			106			LL			200			286			382				20  
	52			82			LR			200			0			502				19  
	53			133			LR			200			0			411				19  
	54			142			LR			200			0			595				19  
	55			123			LR			200			0			444				19  
	56			49			RL			200			0			503				20  
	57			141			RL			200			0			441				20  
	58			105			RL			200			0			505				20  
	59			60			RL			200			0			443				20  
	60			62			RR			200			-286			505				19  
	61			100			RR			200			-286			565				19  
	62			130			RR			200			-286			658				19  
	63			94			RR			200			-286			410				19  
	64			44			LL			400			0			396				20  
	65			79			LL			400			0			399				20  
	66			63			LL			400			0			365				20  
	67			116			LL			400			0			458				20  
	68			153			LR			400			0			397				19  
	69			99			LR			400			0			460				19  
	70			73			LR			400			0			428				19  
	71			37			LR			400			0			364				19  
	72			57			RL			400			0			460				20  
	73			87			RL			400			0			337				19  
	74			39			RL			400			0			399				20  
	75			32			RL			400			0			395				20  
	76			53			RR			400			0			518				19  
	77			154			RR			400			0			550				19  
	78			155			RR			400			0			397				19  
	79			149			RR			400			0			460				19  
	80			86			LL			400			286			397				20  
	81			69			LL			400			286			490				20  
	82			121			LL			400			286			396				20  
	83			132			LL			400			286			398				20  
	84			78			LR			400			0			488				19  
	85			42			LR			400			0			491				19  
	86			72			LR			400			0			428				19  
	87			118			LR			400			0			549				19  
	88			145			RL			400			0			427				20  
	89			91			RL			400			0			456				20  
	90			138			RL			400			0			367				20  
	91			109			RL			400			0			429				20  
	92			65			RR			400			-286			427				19  
	93			152			RR			400			-286			461				19  
	94			50			RR			400			-286			580				19  
	95			140			RR			400			-286			445				19  
	96			110			LL			600			0			504				20  
	97			137			LL			600			0			381				20  
	98			98			LL			600			0			531				20  
	99			96			LL			600			0			586				20  
	100			158			LR			600			0			564				19  
	101			51			LR			600			0			412				19  
	102			71			LR			600			0			473				19  
	103			74			LR			600			0			443				19  
	104			124			RL			600			0			563				20  
	105			127			RL			600			0			443				20  
	106			102			RL			600			0			472				20  
	107			76			RL			600			0			470				20  
	108			114			RR			600			0			444				19  
	109			120			RR			600			0			413				19  
	110			151			RR			600			0			472				19  
	111			156			RR			600			0			473				19  
	112			101			LL			600			286			413				20  
	113			148			LL			600			286			441				20  
	114			117			LL			600			286			410				20  
	115			43			LL			600			286			443				20  
	116			135			LR			600			0			473				19  
	117			115			LR			600			0			443				19  
	118			85			LR			600			0			748				19  
	119			41			LR			600			0			442				19  
	120			126			RL			600			0			412				20  
	121			59			RL			600			0			412				20  
	122			45			RL			600			0			380				20  
	123			38			RL			600			0			382				20  
	124			77			RR			600			-286			402				19  
	125			144			RR			600			-286			381				19  
	126			113			RR			600			-286			379				19  
	127			84			RR			600			-286			444				19  
	128			36			LL			800			0			364				20  
	129			92			LL			800			0			455				20  
	130			88			LL			800			0			639				20  
	131			56			LL			800			0			396				20  
	132			122			LR			800			0			364				19  
	133			150			LR			800			0			396				19  
	134			139			LR			800			0			416				19  
	135			52			LR			800			0			457				19  
	136			147			RL			800			0			457				20  
	137			80			RL			800			0			425				20  
	138			129			RL			800			0			382				20  
	139			107			RL			800			0			455				20  
	140			146			RR			800			0			365				19  
	141			119			RR			800			0			395				19  
	142			61			RR			800			0			425				19  
	143			157			RR			800			0			395				19  
	144			66			LL			800			286			579				20  
	145			97			LL			800			286			396				20  
	146			70			LL			800			286			456				20  
	147			103			LL			800			286			416				20  
	148			34			LR			800			0			427				19  
	149			111			LR			800			0			426				19  
	150			47			LR			800			0			457				19  
	151			46			LR			800			0			394				19  
	152			108			RL			800			0			546				20  
	153			83			RL			800			0			394				20  
	154			95			RL			800			0			631				20  
	155			64			RL			800			0			416				20  
	156			136			RR			800			-286			421				19  
	157			112			RR			800			-286			457				19  
	158			40			RR			800			-286			426				19  
	159			89			RR			800			-286			396				19  
