

#! index		TrOrder		TrType			CTOA		CTD			RT		KeyPressed
	0			0			LL			200			0			664				19  
	1			27			LR			200			0			509				19  
	2			24			RL			200			0			419				20  
	3			20			RR			200			0			480				19  
	4			12			LL			200			286			543				20  
	5			18			LR			200			0			542				19  
	6			14			RL			200			0			481				20  
	7			15			RR			200			-286			449				20  
	8			11			LL			400			0			573				20  
	9			5			LR			400			0			496				19  
	10			13			RL			400			0			463				20  
	11			28			RR			400			0			512				19  
	12			23			LL			400			286			464				20  
	13			16			LR			400			0			496				19  
	14			1			RL			400			0			526				20  
	15			21			RR			400			-286			435				19  
	16			4			LL			600			0			385				20  
	17			25			LR			600			0			419				19  
	18			19			RL			600			0			417				20  
	19			29			RR			600			0			416				19  
	20			31			LL			600			286			541				20  
	21			22			LR			600			0			448				19  
	22			7			RL			600			0			478				20  
	23			8			RR			600			-286			418				19  
	24			30			LL			800			0			371				20  
	25			9			LR			800			0			400				19  
	26			2			RL			800			0			483				20  
	27			6			RR			800			0			431				19  
	28			17			LL			800			286			370				20  
	29			10			LR			800			0			491				19  
	30			26			RL			800			0			461				20  
	31			3			RR			800			-286			615				19  
	32			99			LL			200			0			511				20  
	33			58			LL			200			0			480				20  
	34			53			LL			200			0			587				20  
	35			82			LR			200			0			500				20  
	36			91			LR			200			0			480				19  
	37			54			LR			200			0			480				19  
	38			126			RL			200			0			502				20  
	39			65			RL			200			0			449				20  
	40			127			RL			200			0			389				20  
	41			83			RR			200			0			480				19  
	42			121			RR			200			0			481				19  
	43			118			RR			200			0			496				19  
	44			76			LL			200			286			440				20  
	45			115			LL			200			286			449				20  
	46			71			LL			200			286			543				20  
	47			87			LR			200			0			451				19  
	48			78			LR			200			0			480				19  
	49			86			LR			200			0			447				19  
	50			104			RL			200			0			479				20  
	51			63			RL			200			0			468				20  
	52			116			RL			200			0			388				20  
	53			34			RR			200			-286			512				19  
	54			47			RR			200			-286			539				19  
	55			88			RR			200			-286			450				19  
	56			106			LL			400			0			495				20  
	57			80			LL			400			0			402				20  
	58			108			LL			400			0			465				20  
	59			84			LR			400			0			372				19  
	60			97			LR			400			0			433				19  
	61			55			LR			400			0			342				19  
	62			46			RL			400			0			374				20  
	63			69			RL			400			0			312				20  
	64			109			RL			400			0			434				20  
	65			93			RR			400			0			404				19  
	66			125			RR			400			0			484				19  
	67			120			RR			400			0			463				19  
	68			100			LL			400			286			497				20  
	69			75			LL			400			286			495				20  
	70			48			LL			400			286			393				20  
	71			52			LR			400			0			527				19  
	72			68			LR			400			0			372				19  
	73			64			LR			400			0			496				19  
	74			96			RL			400			0			363				20  
	75			41			RL			400			0			464				20  
	76			59			RL			400			0			372				20  
	77			57			RR			400			-286			496				19  
	78			42			RR			400			-286			494				20  
	79			40			RR			400			-286			464				19  
	80			50			LL			600			0			419				20  
	81			79			LL			600			0			417				20  
	82			81			LL			600			0			418				20  
	83			70			LR			600			0			356				19  
	84			117			LR			600			0			417				19  
	85			101			LR			600			0			462				19  
	86			112			RL			600			0			295				20  
	87			49			RL			600			0			387				20  
	88			122			RL			600			0			437				20  
	89			110			RR			600			0			479				19  
	90			73			RR			600			0			357				19  
	91			89			RR			600			0			508				19  
	92			60			LL			600			286			324				20  
	93			44			LL			600			286			462				20  
	94			38			LL			600			286			432				20  
	95			67			LR			600			0			325				19  
	96			39			LR			600			0			510				19  
	97			37			LR			600			0			479				19  
	98			62			RL			600			0			439				20  
	99			77			RL			600			0			324				20  
	100			33			RL			600			0			418				20  
	101			36			RR			600			-286			570				19  
	102			43			RR			600			-286			463				19  
	103			114			RR			600			-286			571				19  
	104			95			LL			800			0			402				20  
	105			111			LL			800			0			370				20  
	106			74			LL			800			0			448				20  
	107			66			LR			800			0			401				19  
	108			113			LR			800			0			462				19  
	109			72			LR			800			0			369				19  
	110			90			RL			800			0			432				20  
	111			98			RL			800			0			431				20  
	112			56			RL			800			0			339				20  
	113			107			RR			800			0			492				19  
	114			92			RR			800			0			461				19  
	115			119			RR			800			0			463				19  
	116			32			LL			800			286			307				20  
	117			124			LL			800			286			492				20  
	118			94			LL			800			286			522				20  
	119			103			LR			800			0			340				19  
	120			61			LR			800			0			401				19  
	121			123			LR			800			0			432				19  
	122			102			RL			800			0			371				20  
	123			35			RL			800			0			356				20  
	124			45			RL			800			0			492				20  
	125			105			RR			800			-286			554				19  
	126			85			RR			800			-286			371				19  
	127			51			RR			800			-286			339				19  
