

#! index		TrType			CTOA		CTD			RT		KeyPressed
	0			RR				524			-141			378				19  
	1			RR				769			-260			376				19  
	2			LR				615			-197			378				19  
	3			LR				285			-2			341				19  
	4			LL				707			247			407				20  
	5			LL				325			228			296				20  
	6			RR				318			-156			245				19  
	7			LL				428			99			259				20  
	8			LL				214			181			273				20  
	9			RL				353			272			273				19  
	10			LL				702			203			307				20  
	11			LL				398			140			321				20  
	12			RR				344			-282			317				19  
	13			RR				758			-87			358				19  
	14			RR				763			-155			260				19  
	15			RR				683			-170			402				19  
	16			LL				562			127			218				20  
	17			RL				290			169			426				20  
	18			RL				500			203			341				20  
	19			RR				280			-89			423				19  
	20			RL				251			129			376				20  
	21			LL				677			155			285				20  
	22			LR				372			-93			346				20  
	23			LL				366			72			382				20  
	24			LL				549			7			323				20  
	25			RR				276			-1			335				19  
	26			RL				635			52			297				20  
	27			RL				302			212			415				20  
	28			LL				659			93			273				20  
	29			LR				486			-47			446				19  
	30			LR				673			-240			368				19  
	31			LL				345			243			451				20  
	32			LR				672			-28			350				19  
	33			RR				269			-80			358				20  
	34			LR				422			-114			358				19  
	35			LR				437			-93			402				19  
	36			LL				440			245			401				20  
	37			LR				549			-154			351				19  
	38			LL				395			206			293				20  
	39			RL				590			11			342				20  
	40			LR				689			-125			365				19  
	41			RL				594			181			307				20  
	42			LR				504			-34			336				19  
	43			RL				564			251			327				20  
	44			RR				733			-64			399				19  
	45			LR				374			-199			435				19  
	46			RL				571			255			301				20  
	47			LR				487			-74			260				19  
	48			RL				211			113			334				20  
	49			LR				645			-1			256				19  
	50			LL				668			116			386				20  
	51			RL				332			14			354				20  
	52			LR				713			-138			251				19  
	53			RR				785			-9			238				20  
	54			RL				713			271			372				20  
	55			LL				248			75			470				20  
	56			RL				665			279			389				20  
	57			LL				601			78			505				20  
	58			LL				758			256			347				20  
	59			RR				395			-48			385				19  
	60			RL				399			73			380				20  
	61			RR				644			-1			287				19  
	62			RR				676			-73			287				19  
	63			RL				366			33			382				20  
	64			RL				386			247			363				20  
	65			RL				356			258			331				20  
	66			LR				514			-161			387				19  
	67			LL				501			200			460				20  
	68			LL				666			245			297				20  
	69			LR				604			-216			358				19  
	70			RL				706			125			378				20  
	71			LR				261			-96			427				19  
	72			LL				264			27			453				20  
	73			RL				418			236			331				20  
	74			RR				488			-119			342				19  
	75			LL				407			24			402				19  
	76			RL				351			152			351				20  
	77			LL				689			185			305				20  
	78			RR				510			-199			360				19  
	79			RL				426			19			445				20  
	80			LR				281			-221			406				19  
	81			RL				544			63			327				20  
	82			RL				747			131			308				20  
	83			RR				204			-279			424				19  
	84			LR				701			-230			354				19  
	85			RR				351			-256			427				19  
	86			LL				404			145			284				20  
	87			RR				724			-178			360				19  
	88			LR				514			-148			388				19  
	89			RR				331			-25			418				19  
	90			RR				372			-143			361				19  
	91			LR				236			-5			360				19  
	92			LR				369			-184			318				19  
	93			LR				645			-181			286				19  
	94			LL				632			29			299				20  
	95			LR				516			-262			325				19  
	96			RR				453			-281			263				19  
	97			RL				758			248			358				20  
	98			LL				534			77			305				20  
	99			LR				246			-13			380				19  
	100			RL				299			275			449				20  
	101			RR				601			-129			269				19  
	102			LL				614			244			274				20  
	103			RR				401			-75			307				19  
	104			RL				781			145			365				20  
	105			LL				242			1			445				20  
	106			LR				793			-241			351				19  
	107			LR				784			-158			944				19  
	108			RR				705			-225			503				19  
	109			LL				267			69			358				20  
	110			LL				296			282			392				20  
	111			RR				274			-225			366				19  
	112			RL				546			250			356				20  
	113			RR				458			-200			350				19  
	114			RR				615			-71			471				19  
	115			RR				320			-92			322				19  
	116			RR				323			-234			362				19  
	117			RR				229			-70			396				19  
	118			RR				561			-66			432				19  
	119			RR				435			-83			344				19  
	120			LL				582			148			381				20  
	121			LL				574			119			328				20  
	122			RL				447			1			392				20  
	123			LL				372			265			346				20  
	124			RR				793			-235			444				19  
	125			LL				342			224			346				20  
	126			LR				536			-211			384				19  
	127			LR				428			-190			442				19  
	128			RR				576			-124			448				19  
	129			LR				715			-90			369				19  
	130			RR				290			-102			428				20  
	131			RL				602			150			574				20  
	132			RR				253			-76			373				19  
	133			LR				257			-126			582				19  
	134			LR				214			-88			485				19  
	135			RL				708			107			376				20  
	136			LL				580			185			413				20  
	137			LR				424			-277			354				19  
	138			LL				223			255			394				20  
	139			RR				484			-60			387				19  
	140			LL				674			47			349				20  
	141			RR				288			-212			358				19  
	142			RR				603			-210			298				19  
	143			RR				764			-4			381				19  
	144			RR				430			-80			319				19  
	145			RR				615			-225			315				19  
	146			LR				241			-244			355				19  
	147			RR				630			-86			270				19  
	148			RR				612			-108			229				19  
	149			LR				548			-90			322				19  
	150			LL				675			115			410				20  
	151			LR				775			-45			402				19  
	152			RR				621			-1			310				19  
	153			RR				462			-271			348				19  
	154			LR				471			-261			368				19  
	155			RR				641			-208			413				20  
	156			LL				514			51			418				20  
	157			RR				428			0			410				19  
	158			LR				610			-246			383				19  
	159			LL				238			56			479				20  
	160			RR				428			-92			413				19  
	161			RR				669			-170			446				19  
	162			LR				765			-155			380				19  
	163			RR				769			-123			284				19  
	164			LR				738			-201			348				19  
	165			LL				688			191			364				20  
	166			RL				526			200			376				20  
	167			LL				633			129			451				20  
	168			RL				633			254			451				20  
	169			RR				550			-260			412				19  
	170			LL				669			206			345				20  
	171			RR				263			-141			393				19  
	172			RR				621			-276			310				19  
	173			RR				348			-251			368				19  
	174			RL				607			69			386				20  
	175			RL				430			98			501				20  
	176			LL				231			277			456				20  
	177			RR				651			-278			402				19  
	178			RL				323			189			486				20  
	179			LL				257			119			462				20  
	180			RR				203			-157			395				19  
	181			RR				637			-133			416				19  
	182			RL				334			93			384				20  
	183			RR				314			-38			388				19  
	184			RL				242			240			355				20  
	185			RR				388			-102			512				20  
	186			LL				595			121			397				20  
	187			RR				576			-59			355				19  
	188			LL				561			204			309				20  
	189			LL				358			231			389				20  
	190			LL				608			195			414				20  
	191			RR				339			-190			348				19  
	192			LL				619			99			342				20  
	193			LR				215			-80			424				19  
	194			LR				295			-255			392				19  
	195			RL				799			254			347				20  
	196			LR				415			-267			364				19  
	197			RR				669			-210			384				19  
	198			RL				794			212			382				20  
	199			RR				624			-241			369				19  
	200			LR				509			-272			391				19  
	201			RL				319			225			429				20  
	202			LR				718			-243			336				19  
	203			LR				327			-29			359				19  
	204			RL				496			122			313				20  
	205			RL				431			19			317				20  
	206			RR				364			-104			414				19  
	207			RL				326			82			392				20  
	208			RL				768			233			315				20  
	209			LR				613			-174			318				19  
	210			RR				519			-24			505				19  
	211			LL				490			226			430				20  
	212			LL				364			56			446				20  
	213			LL				276			179			339				20  
	214			RL				338			61			349				20  
	215			LL				596			230			396				20  
	216			LR				636			-215			387				19  
	217			RL				254			139			371				20  
	218			RL				428			60			351				20  
	219			LL				319			183			398				20  
	220			RR				686			-167			307				19  
	221			LL				737			209			317				20  
	222			RL				611			211			381				20  
	223			RL				729			275			355				20  
	224			RR				505			-194			487				19  
	225			RL				635			223			327				20  
	226			LR				518			-46			444				19  
	227			LR				371			-214			590				19  
	228			RL				664			81			574				20  
	229			RR				790			-145			295				19  
	230			RL				574			75			417				20  
	231			RL				326			145			330				20  
	232			LR				765			-6			380				19  
	233			LL				610			190			382				20  
	234			RL				588			154			405				20  
	235			LR				396			-21			566				19  
	236			RR				266			-96			571				19  
	237			LR				362			-197			478				19  
	238			LL				212			121			393				20  
	239			LL				383			103			386				20  
	240			RL				688			30			396				20  
	241			RR				247			-213			379				19  
	242			RR				552			-21			317				19  
	243			LR				566			-81			396				19  
	244			LL				366			0			381				20  
	245			LR				691			-128			395				19  
	246			RL				737			121			407				20  
	247			RR				340			-196			438				19  
	248			RR				755			-207			574				19  
	249			LL				410			213			367				20  
