

#! index		TrType			CTOA		CTD			RT		KeyPressed
	0			RL				391			2			379				19  
	1			LR				942			-93			317				19  
	2			LR				294			-234			355				19  
	3			LR				805			-106			333				19  
	4			RR				754			-225			323				19  
	5			LL				648			57			362				20  
	6			RR				595			-201			330				19  
	7			LL				836			100			334				20  
	8			RL				670			132			343				20  
	9			RL				411			249			328				20  
	10			RL				438			106			333				20  
	11			RL				445			193			356				20  
	12			RR				707			-47			339				19  
	13			RL				563			170			360				20  
	14			LL				862			125			367				20  
	15			RR				692			-187			323				19  
	16			LR				854			-184			314				19  
	17			LL				617			224			366				19  
	18			RL				898			105			455				20  
	19			RR				468			-250			395				19  
	20			LL				367			177			403				20  
	21			RL				666			84			378				20  
	22			LL				407			24			334				20  
	23			RL				540			181			384				20  
	24			LR				218			-251			416				19  
	25			LL				569			195			325				20  
	26			RR				293			-280			355				19  
	27			LR				810			-21			389				19  
	28			LR				638			-217			343				19  
	29			RL				934			201			315				20  
	30			RR				834			-272			364				19  
	31			LR				530			-143			364				19  
	32			RL				766			197			372				20  
	33			LL				835			94			484				20  
	34			LL				544			228			381				20  
	35			RL				447			252			355				20  
	36			RL				994			224			325				20  
	37			LR				979			-59			371				19  
	38			LL				240			144			409				20  
	39			RR				847			-39			320				19  
	40			RL				612			280			434				20  
	41			LL				573			116			320				20  
	42			RR				976			-26			374				19  
	43			RL				727			58			352				20  
	44			LL				991			96			360				20  
	45			LR				829			-266			432				19  
	46			LR				734			-184			403				19  
	47			LR				560			-34			362				19  
	48			LR				727			-41			412				19  
	49			LL				331			24			469				20  
	50			RL				441			234			377				20  
	51			LL				426			277			344				20  
	52			LL				752			236			356				20  
	53			RR				826			-136			386				19  
	54			RR				989			-159			393				19  
	55			RL				459			270			393				20  
	56			LR				404			-94			397				19  
	57			RL				920			196			341				20  
	58			LR				216			-27			433				19  
	59			RL				332			89			374				20  
	60			RR				401			-12			430				19  
	61			LL				258			70			390				20  
	62			RR				233			-118			445				19  
	63			RL				893			69			335				20  
	64			RL				474			17			324				20  
	65			RR				919			-190			370				19  
	66			LL				877			268			352				20  
	67			LL				341			189			338				20  
	68			LL				891			13			339				20  
	69			LR				967			-169			383				19  
	70			RL				417			126			354				20  
	71			RL				453			164			348				20  
	72			RL				649			113			306				20  
	73			LR				981			-1			330				19  
	74			RR				376			-171			486				19  
	75			RL				426			147			315				20  
	76			RL				961			196			420				20  
	77			RR				913			-218			406				19  
	78			RL				644			245			371				20  
	79			RL				681			33			362				20  
	80			RR				355			-179			544				19  
	81			LL				709			61			298				20  
	82			RL				369			240			309				20  
	83			RL				688			95			355				20  
	84			RR				691			-48			507				19  
	85			LL				370			259			369				20  
	86			LL				782			140			387				20  
	87			LL				532			71			362				20  
	88			RL				342			249			397				20  
	89			LL				228			130			478				20  
	90			LR				322			-89			416				19  
	91			LL				825			138			372				20  
	92			LR				996			-62			378				19  
	93			RR				868			-265			360				19  
	94			LR				335			-246			404				19  
	95			RL				471			21			331				20  
	96			LR				397			-68			371				19  
	97			RR				789			-85			365				19  
	98			LL				989			260			455				20  
	99			LL				888			35			358				20  
	100			LL				454			152			468				20  
	101			RR				704			-165			404				19  
	102			RR				292			-239			388				19  
	103			RR				467			-201			365				19  
	104			RR				410			-53			362				19  
	105			LR				298			-252			395				19  
	106			RL				358			87			352				20  
	107			LR				551			-40			341				19  
	108			LR				790			-45			346				19  
	109			LL				718			60			360				20  
	110			LR				819			-119			346				19  
	111			LL				446			115			402				20  
	112			LL				909			110			381				20  
	113			RL				779			58			358				20  
	114			RR				542			-54			381				19  
	115			RR				692			-148			324				19  
	116			LL				597			25			357				20  
	117			RL				840			114			358				20  
	118			LR				955			-199			367				19  
	119			RR				283			-244			426				19  
	120			RL				453			94			409				20  
	121			LL				787			125			410				20  
	122			RR				311			-188			429				19  
	123			RL				621			61			364				20  
	124			LL				784			9			383				20  
	125			RL				938			279			384				20  
	126			LL				552			33			372				20  
	127			LL				624			199			362				20  
	128			RR				945			-4			342				19  
	129			LL				703			281			373				20  
	130			LR				587			-207			336				19  
	131			LL				852			220			379				20  
	132			LL				402			202			369				20  
	133			RR				929			-104			381				19  
	134			LR				301			-129			348				19  
	135			LR				329			-45			350				19  
	136			RR				311			-102			368				19  
	137			LR				405			-102			273				19  
	138			LR				964			-86			327				19  
	139			RR				977			-100			345				19  
	140			LR				964			-204			357				19  
	141			LL				743			232			423				20  
	142			RL				561			15			332				20  
	143			LR				327			-233			382				19  
	144			RL				621			89			333				20  
	145			RL				984			208			339				20  
	146			RR				310			-167			337				19  
	147			LL				596			279			297				20  
	148			LL				882			84			349				20  
	149			LL				324			70			385				20  
	150			RR				605			-194			320				19  
	151			RL				378			266			360				20  
	152			LL				229			123			415				20  
	153			LR				271			-242			316				19  
	154			RR				925			-111			367				19  
	155			RR				374			-26			367				19  
	156			RR				958			-268			349				19  
	157			LR				627			-10			387				19  
	158			LR				608			-26			347				19  
	159			LR				845			-34			292				19  
	160			RR				242			-30			375				19  
	161			LL				787			219			382				20  
	162			LL				731			253			406				20  
	163			LR				278			-45			432				19  
	164			LL				956			274			294				20  
	165			LR				468			-212			391				19  
	166			LR				544			-190			380				19  
	167			RR				494			-23			368				19  
	168			LR				524			-100			324				19  
	169			LL				598			221			416				20  
	170			LR				696			-202			333				19  
	171			RR				780			-246			357				19  
	172			RL				595			15			355				20  
	173			RR				503			-96			298				19  
	174			RL				631			150			324				20  
	175			LL				600			267			382				20  
	176			LR				395			-82			362				19  
	177			RR				927			-51			363				19  
	178			LL				991			165			543				20  
	179			RL				471			225			331				20  
	180			LR				292			-14			325				19  
	181			LL				859			13			340				20  
	182			RL				749			201			359				20  
	183			RR				794			-132			342				19  
	184			RL				264			47			415				20  
	185			LL				686			58			453				20  
	186			LL				634			193			320				20  
	187			LL				865			146			333				20  
	188			LL				209			215			372				20  
	189			LR				673			-141			373				19  
	190			RL				504			244			320				20  
	191			LR				544			-269			315				19  
	192			LL				580			149			344				20  
	193			RR				345			-138			397				19  
	194			RR				716			-281			360				19  
	195			RL				849			281			258				20  
	196			LL				214			65			507				20  
	197			RR				754			-109			293				19  
	198			RR				364			-150			315				19  
	199			RL				967			3			445				20  
	200			RR				562			-174			348				19  
	201			LR				447			-9			325				19  
	202			RR				401			-41			366				19  
	203			RR				820			-284			348				19  
	204			RL				407			266			363				19  
	205			LR				395			-135			360				19  
	206			LR				383			-159			357				19  
	207			LL				568			136			432				20  
	208			LR				875			-116			355				19  
	209			LR				497			-265			364				19  
	210			RR				506			-237			388				19  
	211			LL				994			45			418				20  
	212			LR				221			-277			412				19  
	213			LL				335			274			375				20  
	214			LR				332			-170			407				19  
	215			RL				277			12			341				20  
	216			RR				656			-145			389				19  
	217			LR				303			-191			375				19  
	218			LL				684			9			392				20  
	219			RL				209			102			385				20  
	220			RR				951			-38			401				19  
	221			RR				815			-63			380				19  
	222			RR				943			-159			348				19  
	223			LL				918			192			434				20  
	224			LR				885			-12			345				19  
	225			LR				561			-189			328				19  
	226			RR				596			-145			388				19  
	227			LL				204			233			448				20  
	228			RL				739			277			336				20  
	229			RL				767			140			371				20  
	230			RL				254			114			363				20  
	231			LR				362			-85			410				19  
	232			LR				539			-64			354				19  
	233			LL				987			91			365				20  
	234			LL				725			166			381				20  
	235			RL				761			269			376				20  
	236			LL				491			248			372				20  
	237			LL				899			265			300				20  
	238			RL				753			169			353				20  
	239			LR				729			-76			407				19  
	240			LR				323			-252			387				19  
	241			RL				643			77			341				20  
	242			LL				882			167			347				20  
	243			LL				262			228			385				20  
	244			RL				518			248			345				20  
	245			LR				984			-112			734				19  
	246			RR				937			-117			322				19  
	247			RL				833			124			335				20  
	248			LR				775			-38			345				19  
	249			LL				449			155			414				20  
