

#! index		TrType			CTOA		CTD			RT		KeyPressed
	0			RL				355			65			387				19  
	1			LL				825			57			377				20  
	2			RL				347			140			366				20  
	3			LR				569			-198			356				19  
	4			LR				974			-52			381				19  
	5			RR				890			-101			281				19  
	6			LL				227			32			449				20  
	7			RR				764			-135			312				19  
	8			LR				793			-247			347				19  
	9			RR				274			-225			409				19  
	10			LL				444			144			358				20  
	11			RR				627			-163			356				19  
	12			RR				789			-54			320				19  
	13			LR				382			-157			387				19  
	14			LR				938			-285			358				19  
	15			LR				286			-228			366				19  
	16			LR				569			-231			325				19  
	17			LL				659			227			405				20  
	18			RL				237			39			504				20  
	19			RR				931			-271			334				19  
	20			LL				760			272			470				20  
	21			RL				363			211			399				20  
	22			LR				822			-202			336				19  
	23			RL				975			40			439				20  
	24			RL				617			154			432				20  
	25			RL				616			229			371				20  
	26			LL				454			28			442				20  
	27			RL				301			29			378				20  
	28			RR				936			-242			327				19  
	29			RL				248			195			431				20  
	30			LR				207			-237			389				19  
	31			RL				969			145			416				20  
	32			LR				760			-264			320				19  
	33			LR				527			-162			368				19  
	34			RR				639			-39			346				19  
	35			LR				271			-232			380				19  
	36			RL				912			272			379				20  
	37			RR				992			-189			424				19  
	38			RL				273			120			409				20  
	39			RR				950			-27			343				19  
	40			RR				699			-134			381				19  
	41			RR				562			-13			517				19  
	42			LR				969			-116			386				19  
	43			RR				908			-209			442				19  
	44			LR				564			-166			391				19  
	45			RL				675			272			374				20  
	46			LR				526			-183			339				19  
	47			LR				487			-131			316				19  
	48			LR				218			-55			389				19  
	49			LR				555			-283			311				19  
	50			LL				632			228			630				20  
	51			RL				207			162			447				20  
	52			LR				246			-10			314				19  
	53			LR				571			-262			325				19  
	54			RR				358			-99			416				19  
	55			LR				825			-247			314				19  
	56			RR				788			-78			398				19  
	57			LL				502			193			396				19  
	58			LL				869			48			455				20  
	59			RL				226			171			503				20  
	60			LL				220			186			482				20  
	61			LL				859			45			373				20  
	62			LL				514			179			505				20  
	63			RL				544			281			382				20  
	64			RR				479			-227			417				19  
	65			RL				757			57			413				20  
	66			LR				650			-3			401				19  
	67			RR				871			-52			300				19  
	68			RL				612			108			403				20  
	69			RL				746			5			395				20  
	70			RL				425			57			409				20  
	71			RL				947			111			406				20  
	72			RR				275			-182			591				19  
	73			LR				779			-100			391				19  
	74			RL				766			74			369				20  
	75			LR				603			-272			386				19  
	76			RR				763			-109			346				19  
	77			RR				774			-53			382				19  
	78			LR				922			-237			400				19  
	79			RR				426			-144			501				19  
	80			LR				442			-59			330				19  
	81			LL				601			209			475				20  
	82			LR				912			-186			381				19  
	83			LL				622			0			457				20  
	84			RL				903			200			390				20  
	85			LL				312			27			462				20  
	86			RR				275			-15			436				19  
	87			RL				580			244			343				20  
	88			RL				731			47			380				20  
	89			RR				595			-46			391				19  
	90			LL				201			126			477				20  
	91			RL				366			186			377				20  
	92			RL				953			274			402				20  
	93			LL				675			283			436				20  
	94			RR				676			-208			403				19  
	95			LL				437			278			448				20  
	96			LL				515			263			381				20  
	97			RL				560			167			428				20  
	98			LR				443			-44			421				19  
	99			RR				576			-2			382				19  
	100			RR				707			-46			387				19  
	101			LL				259			233			408				20  
	102			RR				782			-104			326				19  
	103			RL				750			125			360				20  
	104			LL				743			112			427				20  
	105			LR				527			-139			356				19  
	106			RR				506			-193			326				19  
	107			LR				443			-98			331				19  
	108			RL				913			192			441				20  
	109			LL				238			141			496				20  
	110			RL				243			92			439				20  
	111			RR				372			-101			402				19  
	112			RL				225			95			389				20  
	113			LL				516			258			430				20  
	114			RR				868			-19			395				19  
	115			LR				383			-152			421				19  
	116			RL				774			111			363				20  
	117			RR				516			-199			442				19  
	118			RR				790			-89			382				19  
	119			RR				528			-113			445				19  
	120			RR				925			-32			369				19  
	121			LL				382			258			453				20  
	122			LL				667			121			403				20  
	123			RL				933			181			392				20  
	124			LR				855			-148			347				19  
	125			RL				910			233			381				20  
	126			LR				535			-142			365				19  
	127			RR				848			-137			461				19  
	128			RL				607			102			596				20  
	129			RR				857			-80			468				19  
	130			RR				373			-74			402				19  
	131			LL				464			130			401				20  
	132			RL				388			195			387				20  
	133			RL				728			87			383				20  
	134			LR				435			-218			489				19  
	135			LR				852			-129			381				19  
	136			RL				705			245			497				20  
	137			RL				303			188			348				20  
	138			LL				688			57			392				20  
	139			RR				974			-42			412				19  
	140			LL				400			2			436				20  
	141			LR				609			-26			317				19  
	142			RL				973			218			595				20  
	143			LR				719			-100			387				19  
	144			RL				964			216			453				20  
	145			LR				775			-14			427				19  
	146			LL				337			219			376				20  
	147			LL				223			83			423				20  
	148			RR				751			-92			389				19  
	149			RL				911			51			413				20  
	150			RR				231			-72			512				19  
	151			RL				237			187			415				20  
	152			LR				312			-84			316				19  
	153			LL				923			170			372				20  
	154			LL				404			54			401				20  
	155			RR				210			-171			359				19  
	156			RR				251			-182			339				19  
	157			LL				864			231			399				20  
	158			RL				296			169			377				20  
	159			RL				556			97			403				20  
	160			RL				700			97			348				20  
	161			RL				902			243			364				20  
	162			RR				628			-94			362				19  
	163			RL				864			130			446				20  
	164			RR				540			-154			540				19  
	165			RR				691			-97			391				19  
	166			LL				369			90			467				20  
	167			RR				881			-90			412				19  
	168			RR				729			-2			444				19  
	169			LR				402			-169			341				19  
	170			LL				674			60			335				20  
	171			RR				946			-252			350				19  
	172			LR				827			-197			345				19  
	173			LR				291			-115			346				19  
	174			RL				656			106			362				20  
	175			LR				288			-100			331				19  
	176			RL				561			113			322				20  
	177			LR				814			-78			328				19  
	178			LL				268			76			475				20  
	179			LR				276			-203			285				19  
	180			RR				750			-222			332				19  
	181			RR				920			-206			375				19  
	182			RL				825			58			378				20  
	183			RR				578			-147			441				19  
	184			LR				900			-71			320				19  
	185			LR				397			-172			347				19  
	186			RR				679			-47			524				19  
	187			RL				997			166			327				20  
	188			RL				415			188			328				20  
	189			RR				630			-283			421				19  
	190			RL				399			261			314				20  
	191			LR				220			-220			390				19  
	192			LL				798			117			312				20  
	193			RL				961			47			761				20  
	194			RL				572			141			356				20  
	195			RR				773			-266			338				19  
	196			LR				455			-234			411				19  
	197			LR				589			-136			293				19  
	198			RL				254			62			399				20  
	199			LL				782			16			329				20  
	200			LR				774			-167			337				19  
	201			LR				704			-3			362				19  
	202			LL				521			63			406				20  
	203			LL				851			258			342				20  
	204			RL				985			132			368				20  
	205			LR				580			-76			808				19  
	206			RL				525			192			332				20  
	207			LL				381			21			424				20  
	208			LL				763			214			320				20  
	209			RR				939			-274			355				19  
	210			RL				986			119			340				20  
	211			LR				654			-258			354				19  
	212			RL				664			39			343				20  
	213			RL				841			92			546				20  
	214			RL				764			278			346				20  
	215			RR				335			-97			441				19  
	216			LR				550			-8			315				19  
	217			RL				289			58			519				20  
	218			LR				350			-127			331				19  
	219			LR				949			-119			302				19  
	220			LL				917			30			377				20  
	221			RR				452			-121			442				19  
	222			LR				376			-42			367				19  
	223			LL				487			195			380				20  
	224			RR				745			-56			334				19  
	225			LL				725			54			386				20  
	226			RL				999			168			383				20  
	227			RL				223			61			450				20  
	228			RR				387			-155			358				19  
	229			RL				745			227			734				20  
	230			RL				279			9			434				20  
	231			RR				364			-240			350				19  
	232			LL				705			64			375				20  
	233			RL				822			118			381				20  
	234			LL				568			88			420				20  
	235			RR				727			-106			411				19  
	236			RR				879			-249			357				19  
	237			RR				549			-139			407				19  
	238			LL				720			82			452				20  
	239			RR				354			-7			391				19  
	240			RR				992			-189			319				19  
	241			LL				219			175			451				20  
	242			RR				892			-224			310				19  
	243			RL				273			90			409				20  
	244			RR				605			-151			324				19  
	245			RL				853			114			410				20  
	246			LR				351			-76			353				19  
	247			RR				251			-47			402				19  
	248			RL				640			85			317				20  
	249			RR				871			-32			328				19  
