

#! index		TrType			CTOA		CTD			RT		KeyPressed
	0			RR				866			-260			402				19  
	1			LL				613			127			362				20  
	2			RL				247			23			422				20  
	3			RL				246			88			423				20  
	4			LR				813			-107			376				19  
	5			LR				755			-228			312				19  
	6			LL				556			205			389				20  
	7			LR				690			-239			375				19  
	8			RR				441			-35			320				19  
	9			LL				952			268			407				20  
	10			RR				285			-261			415				19  
	11			LR				215			-281			406				19  
	12			LR				570			-170			373				19  
	13			RL				635			34			444				20  
	14			LR				884			-142			369				19  
	15			RR				386			-271			343				19  
	16			LR				224			-8			467				19  
	17			LL				798			146			420				20  
	18			LR				667			-79			369				19  
	19			LR				766			-98			331				19  
	20			LR				716			-70			350				19  
	21			LR				648			-189			344				19  
	22			RR				637			-40			399				19  
	23			LR				313			-193			417				19  
	24			LR				409			-279			352				19  
	25			RL				809			278			408				20  
	26			RL				768			119			421				20  
	27			LR				792			-134			366				19  
	28			RR				402			-236			419				19  
	29			RL				623			35			382				20  
	30			LL				899			151			411				20  
	31			RR				297			-272			310				19  
	32			LR				828			-239			349				19  
	33			LR				941			-76			382				19  
	34			RL				682			158			411				20  
	35			RL				665			21			371				20  
	36			LL				645			178			573				20  
	37			RR				978			-263			337				19  
	38			LL				555			230			358				20  
	39			RL				417			113			405				20  
	40			RL				517			180			364				20  
	41			RL				939			123			390				20  
	42			RL				900			221			380				20  
	43			LR				770			-74			357				19  
	44			LL				984			2			418				20  
	45			RL				628			149			393				20  
	46			LL				687			212			348				20  
	47			LL				386			201			588				20  
	48			RL				323			263			377				20  
	49			RR				967			-190			344				19  
	50			LR				484			-82			429				19  
	51			LL				990			8			411				20  
	52			LL				534			159			349				20  
	53			RR				355			-3			374				19  
	54			RR				564			-19			366				19  
	55			LR				572			-202			341				19  
	56			RR				989			-258			352				19  
	57			LL				784			21			311				20  
	58			LR				548			-196			397				19  
	59			LR				485			-163			398				19  
	60			RL				219			244			498				20  
	61			RL				450			16			420				20  
	62			LL				475			40			316				20  
	63			LL				921			267			361				20  
	64			RL				931			203			470				20  
	65			LL				987			6			355				20  
	66			LL				754			269			281				20  
	67			RR				678			-26			388				19  
	68			LR				737			-114			390				19  
	69			RL				487			190			366				20  
	70			RL				944			82			337				20  
	71			RR				827			-256			331				19  
	72			LR				874			-264			330				19  
	73			LL				987			41			416				20  
	74			LL				935			235			345				20  
	75			LL				704			276			301				20  
	76			RR				722			-27			344				19  
	77			LR				675			-273			391				19  
	78			LL				750			71			338				20  
	79			LR				270			-258			429				19  
	80			LR				803			-166			325				19  
	81			LL				233			164			443				20  
	82			LL				951			260			392				20  
	83			LL				890			42			389				20  
	84			RR				207			-85			438				19  
	85			RL				865			125			416				20  
	86			LL				838			76			311				20  
	87			RR				914			-199			396				19  
	88			LR				878			-228			401				19  
	89			RL				279			74			421				20  
	90			LR				203			-186			575				19  
	91			LR				669			-236			337				19  
	92			LR				328			-242			372				19  
	93			LL				256			242			413				20  
	94			LL				374			220			355				20  
	95			LL				614			92			378				20  
	96			RR				964			-151			346				19  
	97			RL				379			94			431				20  
	98			RL				938			234			394				20  
	99			RL				778			112			381				20  
	100			RL				986			207			447				20  
	101			LL				708			28			388				20  
	102			LR				570			-117			373				19  
	103			LR				447			-167			516				19  
	104			RL				326			220			431				20  
	105			LL				943			225			551				20  
	106			LL				403			173			419				20  
	107			LR				828			-89			437				19  
	108			LR				293			-248			393				19  
	109			LL				948			150			425				20  
	110			LL				464			53			420				20  
	111			RL				245			123			445				20  
	112			LL				323			240			377				20  
	113			LR				652			-90			475				19  
	114			RL				321			3			410				20  
	115			RL				938			64			433				20  
	116			RR				770			-112			388				19  
	117			RL				454			225			358				20  
	118			RL				704			29			332				20  
	119			RL				600			40			405				20  
	120			RR				221			-46			426				19  
	121			RR				370			-234			390				19  
	122			LL				716			268			414				20  
	123			RL				588			105			338				20  
	124			RR				842			-273			326				19  
	125			RR				852			-136			502				19  
	126			RL				232			71			485				20  
	127			RR				548			-230			335				19  
	128			LR				378			-138			382				19  
	129			RR				461			-27			330				19  
	130			RR				574			-11			431				19  
	131			LL				704			11			1769				20  
	132			RR				560			-55			323				19  
	133			LR				512			-261			370				19  
	134			LL				808			224			410				20  
	135			RR				774			-166			355				19  
	136			RR				355			-25			406				19  
	137			LR				554			-261			390				19  
	138			RL				400			105			392				20  
	139			RR				787			-93			311				19  
	140			LR				864			-89			417				19  
	141			LL				896			146			497				20  
	142			RL				928			102			341				20  
	143			RR				283			-196			448				19  
	144			RL				215			234			438				20  
	145			LR				843			-220			368				19  
	146			RL				508			217			375				20  
	147			LL				578			53			335				20  
	148			LR				509			-238			344				19  
	149			LL				806			231			368				20  
	150			RR				268			-71			433				19  
	151			RL				519			92			394				20  
	152			RL				929			242			373				20  
	153			RL				414			218			347				20  
	154			RR				965			-126			377				19  
	155			RL				821			238			643				20  
	156			RR				638			-121			445				19  
	157			LR				446			-130			377				19  
	158			RR				594			-210			319				19  
	159			RL				461			214			413				20  
	160			RL				308			170			361				20  
	161			LL				509			89			344				20  
	162			RR				769			-268			420				19  
	163			LL				649			191			341				20  
	164			LL				461			120			484				20  
	165			RR				814			-279			374				19  
	166			RL				682			262			506				20  
	167			RR				221			-94			408				19  
	168			LR				586			-37			419				19  
	169			RL				375			197			385				20  
	170			RR				976			-95			506				19  
	171			LL				654			108			411				20  
	172			RR				905			-95			438				19  
	173			LR				856			-159			394				19  
	174			RR				593			-211			414				19  
	175			RL				930			199			379				20  
	176			LL				911			58			371				20  
	177			LL				845			4			343				20  
	178			RL				309			92			452				20  
	179			RR				415			-273			439				19  
	180			RR				968			-206			374				19  
	181			LR				437			-251			416				19  
	182			LR				740			-213			327				19  
	183			LL				208			50			467				20  
	184			RL				656			266			379				20  
	185			RL				448			130			496				20  
	186			LR				206			-167			437				19  
	187			LL				368			211			423				20  
	188			LR				382			-107			364				19  
	189			RL				639			66			337				20  
	190			RL				603			16			342				20  
	191			RR				382			-129			438				19  
	192			RL				285			208			370				20  
	193			RL				883			236			407				20  
	194			LL				224			118			498				20  
	195			LR				970			-261			404				19  
	196			LR				536			-87			347				19  
	197			RL				203			143			408				20  
	198			RR				794			-239			547				19  
	199			LR				294			-126			376				19  
	200			RR				479			-1			435				19  
	201			LL				525			248			510				20  
	202			LR				888			-115			409				19  
	203			LL				671			272			416				20  
	204			LL				532			20			420				20  
	205			LL				863			142			446				20  
	206			RL				796			267			394				20  
	207			RL				241			167			488				20  
	208			LR				643			-131			363				19  
	209			LR				513			-252			400				19  
	210			RL				866			232			402				20  
	211			LL				871			278			439				20  
	212			LL				764			67			366				20  
	213			RL				288			102			387				20  
	214			LL				250			144			371				20  
	215			RR				307			-177			441				19  
	216			RL				707			43			389				20  
	217			RL				656			197			380				20  
	218			LL				323			277			377				20  
	219			RL				690			105			407				20  
	220			LR				598			-32			377				19  
	221			LR				449			-76			373				19  
	222			RR				427			-81			365				19  
	223			LL				617			253			370				20  
	224			LL				902			259			379				20  
	225			LR				508			-215			406				19  
	226			RR				203			-99			407				19  
	227			LR				325			-284			406				19  
	228			RL				877			55			434				20  
	229			LR				853			-224			336				19  
	230			RL				348			60			429				20  
	231			LL				439			135			434				20  
	232			LR				655			-127			474				19  
	233			RR				881			-150			430				19  
	234			RL				791			191			383				20  
	235			LL				716			270			351				20  
	236			LL				520			245			333				20  
	237			LR				799			-97			420				19  
	238			LL				794			280			363				20  
	239			RR				950			-65			362				19  
	240			LL				779			279			348				20  
	241			LR				949			-11			361				19  
	242			LL				529			110			446				20  
	243			RR				885			-71			383				19  
	244			RL				505			285			377				20  
	245			LL				240			36			553				20  
	246			RL				997			75			436				20  
	247			LR				884			-158			413				19  
	248			LL				358			198			371				20  
	249			LL				341			186			573				20  
