

#! index		TrType			CTOA		CTD			RT		KeyPressed
	0			RR				289			-173			694				19  
	1			RR				425			-93			406				19  
	2			RL				818			242			534				20  
	3			RL				829			31			492				20  
	4			RL				370			2			645				20  
	5			RR				611			-147			401				19  
	6			LL				293			62			447				20  
	7			LR				354			-84			351				19  
	8			RR				251			-119			397				19  
	9			LL				543			59			253				20  
	10			LL				446			31			599				20  
	11			LR				933			-5			327				19  
	12			LL				394			200			375				20  
	13			RR				273			-90			375				19  
	14			LL				361			9			421				20  
	15			RL				367			235			373				20  
	16			RR				779			-274			557				19  
	17			LL				954			90			489				20  
	18			LL				390			79			349				20  
	19			RL				723			85			475				20  
	20			RR				891			-123			298				19  
	21			RL				980			242			341				20  
	22			RR				995			-10			325				19  
	23			LL				755			2			476				20  
	24			LR				209			-56			414				19  
	25			LR				236			-256			381				19  
	26			LL				895			205			325				20  
	27			LL				862			208			427				20  
	28			LR				315			-230			384				20  
	29			LL				537			88			356				20  
	30			RR				776			-35			390				19  
	31			RR				322			-244			448				19  
	32			RR				999			-237			502				19  
	33			RL				227			256			507				20  
	34			RL				235			46			503				20  
	35			RL				393			183			347				20  
	36			LR				312			-240			335				19  
	37			LR				885			-282			261				20  
	38			LR				668			-105			345				19  
	39			RR				512			-116			341				19  
	40			RL				761			89			339				20  
	41			RR				861			-54			334				19  
	42			RR				745			-17			360				19  
	43			RR				609			-179			361				19  
	44			RR				525			-59			366				19  
	45			LL				655			238			329				20  
	46			LL				368			93			430				20  
	47			LL				242			185			344				20  
	48			RL				232			33			415				20  
	49			LL				528			1			334				20  
	50			RR				855			-175			280				19  
	51			RL				305			107			331				20  
	52			LR				456			-39			314				19  
	53			RR				506			-267			386				19  
	54			LL				209			221			813				20  
	55			RR				376			-245			329				19  
	56			RR				242			-22			467				19  
	57			LL				504			45			296				20  
	58			LL				224			236			415				20  
	59			LR				317			-252			483				19  
	60			LR				322			-183			383				19  
	61			LR				813			-64			354				19  
	62			RL				314			141			333				20  
	63			LL				425			78			375				20  
	64			LL				372			131			336				20  
	65			LR				992			-61			325				19  
	66			LR				878			-51			351				19  
	67			RR				942			-56			315				19  
	68			RR				270			-73			347				19  
	69			RR				930			-208			298				19  
	70			LL				836			5			361				20  
	71			RR				549			-125			360				19  
	72			LL				731			51			435				20  
	73			LR				327			-87			442				19  
	74			RL				546			126			408				20  
	75			RL				913			228			315				20  
	76			LR				284			-59			470				19  
	77			LR				428			0			343				19  
	78			LR				587			-234			395				19  
	79			LR				793			-225			345				19  
	80			LL				576			259			315				20  
	81			RL				590			227			272				20  
	82			LL				941			236			410				20  
	83			LR				286			-39			392				19  
	84			RR				531			-190			545				19  
	85			RL				886			53			342				20  
	86			RR				725			-157			532				19  
	87			LL				893			242			397				20  
	88			RL				893			65			335				20  
	89			LR				750			-150			540				19  
	90			RR				580			-176			342				19  
	91			LR				506			-41			386				19  
	92			LL				343			97			332				20  
	93			LR				203			-198			415				19  
	94			RL				314			136			303				20  
	95			RL				847			44			657				20  
	96			LL				996			268			376				20  
	97			LL				637			1			379				20  
	98			RR				515			-159			395				19  
	99			RL				699			244			316				20  
	100			LL				319			177			389				20  
	101			RL				813			250			372				20  
	102			RL				930			15			328				20  
	103			RL				402			98			460				20  
	104			RR				955			-13			569				19  
	105			RL				537			174			681				20  
	106			RL				661			237			1025				20  
	107			LL				611			261			311				20  
	108			RL				616			248			306				20  
	109			LL				263			145			383				20  
	110			LR				947			-178			314				19  
	111			LL				643			36			369				20  
	112			LL				543			230			400				20  
	113			LR				587			-139			306				19  
	114			LL				863			90			486				20  
	115			RL				902			272			355				20  
	116			LL				590			167			386				20  
	117			RL				454			218			620				20  
	118			LR				386			-96			567				19  
	119			LR				281			-152			413				19  
	120			LR				689			-251			325				19  
	121			RR				390			-284			380				19  
	122			LR				490			-5			340				19  
	123			RL				334			85			405				20  
	124			RL				725			149			748				20  
	125			LR				978			-48			361				19  
	126			RR				940			-112			257				19  
	127			LR				607			-36			744				19  
	128			LR				417			-110			457				19  
	129			RL				686			207			313				20  
	130			LL				313			284			427				20  
	131			LR				217			-235			405				19  
	132			RR				212			-22			535				19  
	133			RR				228			-233			385				19  
	134			RL				467			110			364				20  
	135			RL				885			238			374				20  
	136			RL				220			219			476				20  
	137			LL				533			6			298				20  
	138			LR				636			-145			438				19  
	139			RR				946			-28			284				19  
	140			LL				725			86			288				20  
	141			LL				722			211			323				20  
	142			LL				579			155			309				20  
	143			LL				641			147			343				20  
	144			LR				495			-40			487				19  
	145			LR				804			-212			394				19  
	146			LR				671			-77			375				19  
	147			RR				486			-87			373				19  
	148			LR				503			-175			329				19  
	149			LL				911			151			317				20  
	150			RR				990			-167			453				19  
	151			RL				431			189			339				20  
	152			LL				223			216			567				20  
	153			RL				657			253			327				20  
	154			RR				269			-100			368				19  
	155			RL				383			191			373				20  
	156			LR				978			-4			281				19  
	157			RL				394			222			376				20  
	158			LL				638			24			305				20  
	159			RR				329			-93			318				19  
	160			RR				751			-64			354				19  
	161			LL				419			222			365				20  
	162			LL				951			229			308				20  
	163			RR				757			-108			380				19  
	164			RR				667			-93			286				20  
	165			LL				948			8			371				20  
	166			LL				685			92			421				20  
	167			LR				698			-278			345				19  
	168			RR				521			0			309				19  
	169			LL				590			263			299				20  
	170			RL				853			237			344				20  
	171			LL				233			8			536				20  
	172			RR				855			-73			281				19  
	173			RL				697			15			316				20  
	174			LL				201			269			436				20  
	175			LL				463			16			328				20  
	176			RR				488			-41			434				19  
	177			LR				746			-135			360				19  
	178			RR				725			-101			288				19  
	179			LR				727			-113			379				19  
	180			LL				665			35			380				20  
	181			LL				530			37			759				20  
	182			RR				554			-21			276				19  
	183			RL				759			205			344				20  
	184			RL				803			269			301				20  
	185			RR				757			-30			351				19  
	186			LR				802			-250			303				19  
	187			RR				918			-76			278				19  
	188			RL				498			18			363				20  
	189			LR				782			-99			323				19  
	190			RR				298			-128			408				19  
	191			LR				399			-169			341				19  
	192			RL				504			158			617				20  
	193			LR				564			-39			528				19  
	194			LL				338			206			433				20  
	195			RR				293			-182			383				19  
	196			RL				378			260			393				20  
	197			RL				278			248			457				20  
	198			RR				494			-138			428				19  
	199			RL				545			216			301				20  
	200			RL				824			175			495				20  
	201			RR				382			-252			388				19  
	202			LR				855			-170			281				19  
	203			RR				498			-2			301				19  
	204			RR				607			-49			346				19  
	205			LL				385			10			385				20  
	206			LR				894			-186			457				19  
	207			LR				824			-47			314				19  
	208			RR				720			-15			507				19  
	209			LL				307			191			463				20  
	210			LL				913			116			312				20  
	211			LL				604			112			347				20  
	212			LL				512			217			319				20  
	213			LR				988			-167			57				19  
	214			RR				994			-166			264				19  
	215			LL				333			199			467				20  
	216			LL				362			9			315				20  
	217			RR				883			-133			254				19  
	218			LR				216			-77			416				19  
	219			RL				258			144			328				20  
	220			RL				793			148			283				20  
	221			LL				319			218			357				20  
	222			LR				635			-236			322				19  
	223			LR				444			-74			295				19  
	224			LR				913			-59			285				19  
	225			RL				579			109			385				20  
	226			RL				337			122			40				19  
	227			RL				363			72			310				20  
	228			RL				738			208			368				20  
	229			RL				954			97			352				20  
	230			LR				559			-240			363				19  
	231			RL				975			243			316				20  
	232			LL				786			71			474				20  
	233			LR				647			-181			305				19  
	234			LR				857			-3			402				19  
	235			RR				223			-159			446				19  
	236			RR				529			-86			317				19  
	237			LL				873			259			387				20  
	238			RR				276			-151			428				19  
	239			RR				860			-64			398				19  
	240			LL				333			189			376				20  
	241			LL				207			71			352				20  
	242			RR				887			-109			312				19  
	243			RL				287			234			452				20  
	244			LR				793			-42			282				19  
	245			LR				803			-272			121				19  
	246			RR				448			-266			322				19  
	247			RL				691			31			324				20  
	248			RL				616			275			398				20  
	249			RL				238			217			410				20  
