

#! index		TrType			CTOA		CTD			RT		KeyPressed
	0			LR				582			-71			408				19  
	1			LL				458			265			287				20  
	2			LL				883			215			320				20  
	3			RR				595			-262			363				19  
	4			RR				361			-206			354				19  
	5			LR				754			-73			329				19  
	6			LL				618			81			452				20  
	7			LL				441			262			329				20  
	8			LR				592			-230			365				19  
	9			LL				211			112			448				20  
	10			RL				686			239			360				20  
	11			RR				886			-255			287				19  
	12			RR				829			-24			283				19  
	13			LR				631			-1			312				19  
	14			RL				565			223			394				20  
	15			LL				342			45			403				20  
	16			RL				548			66			318				20  
	17			LL				777			103			366				20  
	18			RL				710			219			370				20  
	19			RL				554			264			375				20  
	20			LL				868			160			367				20  
	21			RR				739			-148			341				19  
	22			RR				652			-95			490				19  
	23			LR				721			-184			330				19  
	24			RR				725			-44			325				19  
	25			RR				551			-102			346				19  
	26			LR				679			-24			297				19  
	27			LL				866			32			352				20  
	28			RR				354			-181			545				19  
	29			LL				967			47			359				20  
	30			LL				907			87			409				20  
	31			RL				556			87			311				20  
	32			LR				972			-26			309				19  
	33			RR				440			-119			397				19  
	34			RL				955			56			309				20  
	35			LL				279			45			558				20  
	36			RL				566			158			361				20  
	37			LR				635			-191			324				19  
	38			RL				726			121			325				20  
	39			RL				433			177			402				20  
	40			LR				567			-187			301				19  
	41			RR				813			-103			359				19  
	42			RR				258			-181			454				19  
	43			LL				332			160			383				20  
	44			LL				666			40			406				20  
	45			LL				826			46			378				20  
	46			RL				952			224			434				20  
	47			LL				594			67			365				20  
	48			RR				330			-252			353				19  
	49			LL				668			140			352				20  
	50			RL				366			280			407				20  
	51			LR				890			-261			468				19  
	52			LR				379			-233			244				19  
	53			RL				888			5			315				20  
	54			LL				536			47			423				20  
	55			LL				649			117			402				20  
	56			RR				779			-33			363				19  
	57			LR				606			-104			352				19  
	58			RL				795			77			348				20  
	59			LL				702			134			287				20  
	60			LR				294			-36			359				19  
	61			LR				279			-158			343				19  
	62			RL				212			14			363				20  
	63			LR				866			-203			306				19  
	64			RR				881			-274			354				19  
	65			LR				214			-282			301				19  
	66			LL				544			274			475				20  
	67			RL				638			120			413				20  
	68			LR				930			-13			365				19  
	69			RR				347			-74			458				19  
	70			LL				723			194			481				20  
	71			LL				826			274			347				20  
	72			LL				468			133			429				20  
	73			LL				508			239			573				20  
	74			RR				279			-178			404				19  
	75			RR				246			-278			162				19  
	76			LR				237			-13			354				19  
	77			RR				204			-179			361				19  
	78			RR				541			-272			296				19  
	79			RR				579			-259			411				19  
	80			RL				786			279			280				20  
	81			LR				530			-42			429				19  
	82			RL				498			96			308				20  
	83			LL				873			101			300				20  
	84			LL				742			64			401				20  
	85			LR				441			-33			272				19  
	86			LR				419			-124			326				19  
	87			LR				456			-87			441				19  
	88			RR				958			-24			369				19  
	89			LL				920			14			345				20  
	90			RR				845			-192			327				19  
	91			LR				828			-21			406				19  
	92			RR				947			-232			379				19  
	93			RL				416			268			604				20  
	94			LR				701			-46			317				19  
	95			RL				882			127			383				20  
	96			RR				975			-221			291				19  
	97			LL				525			30			495				20  
	98			LL				769			248			465				20  
	99			LL				838			30			518				20  
	100			RR				879			-21			446				19  
	101			RL				616			130			404				20  
	102			RL				676			61			283				20  
	103			RR				528			-232			369				19  
	104			LR				478			-25			298				19  
	105			LR				608			-190			319				19  
	106			LR				964			-148			331				19  
	107			RL				783			197			329				20  
	108			LR				869			-231			335				19  
	109			LL				765			237			285				20  
	110			LL				850			188			415				20  
	111			RL				910			77			477				20  
	112			LL				477			234			469				20  
	113			RL				648			182			369				20  
	114			RR				498			-23			400				19  
	115			LR				569			-108			267				19  
	116			LR				301			-185			291				19  
	117			LL				716			92			363				20  
	118			RR				468			-202			429				19  
	119			RL				316			255			367				20  
	120			LR				982			-265			284				19  
	121			LR				709			-137			282				19  
	122			RL				926			180			369				20  
	123			LR				781			-55			360				19  
	124			RL				491			29			743				20  
	125			LL				556			149			312				20  
	126			LL				860			256			282				20  
	127			RR				579			0			472				19  
	128			LL				837			270			734				20  
	129			LR				604			-169			355				19  
	130			LR				519			-15			302				19  
	131			RR				460			-115			346				19  
	132			RR				845			-28			328				19  
	133			RL				551			101			286				20  
	134			RR				705			-281			376				19  
	135			LR				786			-21			325				19  
	136			LL				404			84			525				20  
	137			RL				323			45			329				20  
	138			RL				325			102			481				20  
	139			LL				280			201			403				20  
	140			LR				754			-7			328				19  
	141			RL				797			281			253				20  
	142			RL				320			243			302				20  
	143			RR				400			-127			315				19  
	144			RL				685			115			395				20  
	145			LR				673			-231			348				19  
	146			RL				735			10			315				20  
	147			RR				971			-212			416				19  
	148			RR				297			-69			356				19  
	149			LL				583			71			284				20  
	150			RL				346			187			337				20  
	151			LR				366			-110			532				19  
	152			RL				354			264			298				20  
	153			RR				237			-258			324				19  
	154			LR				594			-146			303				19  
	155			LL				917			244			379				20  
	156			RL				764			129			347				20  
	157			RL				794			58			379				20  
	158			RR				588			-32			279				19  
	159			LR				782			-35			299				19  
	160			LR				982			-236			282				19  
	161			RL				707			79			375				20  
	162			RR				217			-252			382				20  
	163			RR				958			-209			308				19  
	164			LR				881			-55			321				19  
	165			LR				492			-69			283				19  
	166			LL				376			275			491				20  
	167			RR				738			-185			374				19  
	168			LL				902			130			363				20  
	169			RR				993			-211			333				19  
	170			RR				293			-60			359				19  
	171			RL				955			253			402				20  
	172			RL				378			216			306				20  
	173			RL				283			193			308				20  
	174			LR				870			-24			334				19  
	175			RR				224			-112			453				19  
	176			RR				419			-116			387				19  
	177			RL				391			46			598				20  
	178			RL				909			115			295				20  
	179			RL				473			106			303				20  
	180			RL				266			91			295				20  
	181			RL				434			258			250				20  
	182			RR				344			-145			369				19  
	183			RR				951			-16			437				19  
	184			RR				692			-132			450				19  
	185			RR				761			-66			289				19  
	186			LL				276			63			531				20  
	187			LR				602			-252			325				19  
	188			LL				732			121			289				20  
	189			RL				256			273			427				20  
	190			RL				555			173			332				20  
	191			RR				812			-57			375				19  
	192			LL				735			5			548				20  
	193			LL				340			269			455				20  
	194			RL				388			200			388				20  
	195			LR				758			-141			354				19  
	196			LR				944			-159			290				19  
	197			RR				322			-247			422				19  
	198			RL				229			16			383				20  
	199			RL				569			169			380				20  
