

#! index		TrOrder		TrType			CTOA		CTD			RT		KeyPressed
	0			26			LL			200			0			418				20  
	1			6			LR			200			0			386				19  
	2			18			RL			200			0			385				20  
	3			8			RR			200			0			386				19  
	4			29			LL			200			286			384				20  
	5			23			LR			200			0			417				19  
	6			28			RL			200			0			402				20  
	7			15			RR			200			-286			478				19  
	8			14			LL			400			0			371				20  
	9			19			LR			400			0			339				19  
	10			31			RL			400			0			310				20  
	11			27			RR			400			0			309				19  
	12			0			LL			400			286			361				19  
	13			9			LR			400			0			340				19  
	14			1			RL			400			0			18				19  
	15			10			RR			400			-286			339				19  
	16			21			LL			600			0			445				20  
	17			5			LR			600			0			354				19  
	18			25			RL			600			0			383				20  
	19			3			RR			600			0			261				19  
	20			22			LL			600			286			445				20  
	21			11			LR			600			0			355				19  
	22			12			RL			600			0			353				20  
	23			24			RR			600			-286			476				19  
	24			16			LL			800			0			399				20  
	25			30			LR			800			0			385				19  
	26			4			RL			800			0			400				19  
	27			2			RR			800			0			12052				19  
	28			13			LL			800			286			448				20  
	29			17			LR			800			0			337				19  
	30			20			RL			800			0			307				20  
	31			7			RR			800			-286			370				19  
	32			74			LL			200			0			447				20  
	33			122			LL			200			0			408				20  
	34			76			LL			200			0			386				20  
	35			60			LR			200			0			375				19  
	36			120			LR			200			0			386				20  
	37			69			LR			200			0			325				19  
	38			42			RL			200			0			326				20  
	39			98			RL			200			0			356				20  
	40			67			RL			200			0			387				20  
	41			61			RR			200			0			447				19  
	42			82			RR			200			0			477				19  
	43			56			RR			200			0			418				19  
	44			33			LL			200			286			355				20  
	45			97			LL			200			286			447				20  
	46			93			LL			200			286			388				20  
	47			62			LR			200			0			357				19  
	48			79			LR			200			0			224				20  
	49			43			LR			200			0			294				19  
	50			48			RL			200			0			402				20  
	51			100			RL			200			0			432				20  
	52			96			RL			200			0			355				20  
	53			92			RR			200			-286			372				19  
	54			118			RR			200			-286			385				19  
	55			111			RR			200			-286			355				19  
	56			124			LL			400			0			370				20  
	57			65			LL			400			0			522				20  
	58			105			LL			400			0			369				20  
	59			72			LR			400			0			403				19  
	60			125			LR			400			0			339				19  
	61			40			LR			400			0			340				19  
	62			68			RL			400			0			339				20  
	63			101			RL			400			0			402				20  
	64			112			RL			400			0			340				20  
	65			47			RR			400			0			416				19  
	66			77			RR			400			0			369				19  
	67			90			RR			400			0			339				19  
	68			84			LL			400			286			339				20  
	69			63			LL			400			286			369				20  
	70			52			LL			400			286			338				20  
	71			119			LR			400			0			341				19  
	72			103			LR			400			0			370				19  
	73			108			LR			400			0			310				19  
	74			81			RL			400			0			341				20  
	75			95			RL			400			0			340				20  
	76			106			RL			400			0			310				20  
	77			50			RR			400			-286			401				19  
	78			110			RR			400			-286			401				19  
	79			64			RR			400			-286			311				19  
	80			70			LL			600			0			323				20  
	81			34			LL			600			0			385				20  
	82			37			LL			600			0			374				20  
	83			104			LR			600			0			476				19  
	84			86			LR			600			0			292				19  
	85			49			LR			600			0			294				19  
	86			58			RL			600			0			292				20  
	87			53			RL			600			0			323				20  
	88			35			RL			600			0			324				20  
	89			45			RR			600			0			353				19  
	90			99			RR			600			0			537				19  
	91			36			RR			600			0			322				19  
	92			114			LL			600			286			324				20  
	93			51			LL			600			286			325				20  
	94			57			LL			600			286			292				20  
	95			116			LR			600			0			352				19  
	96			107			LR			600			0			292				19  
	97			83			LR			600			0			293				19  
	98			113			RL			600			0			373				20  
	99			55			RL			600			0			283				20  
	100			80			RL			600			0			322				20  
	101			75			RR			600			-286			445				19  
	102			44			RR			600			-286			415				19  
	103			127			RR			600			-286			385				19  
	104			41			LL			800			0			304				20  
	105			87			LL			800			0			340				20  
	106			115			LL			800			0			369				20  
	107			117			LR			800			0			369				19  
	108			46			LR			800			0			278				19  
	109			102			LR			800			0			336				19  
	110			89			RL			800			0			307				20  
	111			85			RL			800			0			305				20  
	112			78			RL			800			0			369				20  
	113			121			RR			800			0			399				19  
	114			123			RR			800			0			336				19  
	115			91			RR			800			0			383				19  
	116			71			LL			800			286			399				20  
	117			66			LL			800			286			306				20  
	118			59			LL			800			286			397				20  
	119			54			LR			800			0			306				19  
	120			126			LR			800			0			307				19  
	121			109			LR			800			0			367				19  
	122			73			RL			800			0			337				20  
	123			39			RL			800			0			369				20  
	124			38			RL			800			0			306				20  
	125			32			RR			800			-286			366				19  
	126			94			RR			800			-286			335				19  
	127			88			RR			800			-286			428				19  
