

#! index		TrType			CTOA		CTD			RT		KeyPressed
	0			RL				356			123			365				19  
	1			LR				735			-25			290				19  
	2			RL				735			231			289				20  
	3			RL				405			234			317				20  
	4			LR				985			-270			317				19  
	5			LL				867			207			309				20  
	6			RR				978			-270			356				19  
	7			LL				348			139			313				20  
	8			RL				414			52			305				20  
	9			RL				333			111			297				20  
	10			RR				210			-30			338				19  
	11			LR				555			-143			320				19  
	12			LL				627			45			308				20  
	13			LR				473			-229			309				19  
	14			LR				330			-55			300				19  
	15			LL				285			102			315				20  
	16			LL				866			80			315				20  
	17			LR				823			-135			312				19  
	18			RL				414			24			337				20  
	19			RR				561			-200			344				19  
	20			RR				873			-147			290				19  
	21			LR				959			-285			312				19  
	22			RR				561			-42			314				19  
	23			LL				687			158			341				20  
	24			LR				530			-270			281				19  
	25			LR				685			-48			312				19  
	26			LR				972			-104			269				19  
	27			LL				397			213			353				20  
	28			LR				774			-113			286				19  
	29			RR				843			-61			274				19  
	30			RL				605			12			331				20  
	31			RL				217			91			356				20  
	32			RR				214			-36			398				19  
	33			RL				332			79			329				20  
	34			LL				776			169			310				20  
	35			RL				732			3			324				20  
	36			RL				867			75			314				20  
	37			RR				359			-85			334				19  
	38			RL				956			171			315				20  
	39			LR				473			-100			310				19  
	40			RR				645			-270			322				19  
	41			RR				680			-139			313				19  
	42			RR				934			-138			309				19  
	43			LL				236			25			333				20  
	44			RR				458			-31			325				19  
	45			LR				931			-210			310				19  
	46			LR				940			-93			316				19  
	47			LR				352			-46			347				19  
	48			LR				590			-205			274				19  
	49			RR				269			-22			296				19  
	50			LR				550			-270			294				19  
	51			RR				506			-238			338				19  
	52			RR				897			-211			314				19  
	53			RR				485			-231			326				19  
	54			LL				557			172			319				20  
	55			LL				644			18			318				20  
	56			LL				432			101			349				20  
	57			LR				692			-242			336				19  
	58			RL				822			82			359				20  
	59			RR				596			-19			318				19  
	60			LR				659			-115			308				19  
	61			RL				614			97			353				20  
	62			RL				480			56			303				20  
	63			RR				271			-28			357				19  
	64			LR				919			-92			290				19  
	65			RR				602			-132			331				19  
	66			LL				653			150			345				20  
	67			RR				938			-223			300				19  
	68			RL				817			150			332				20  
	69			LL				246			102			351				20  
	70			RL				300			179			328				20  
	71			LL				624			79			373				20  
	72			RL				897			229			314				20  
	73			RL				254			194			377				20  
	74			LR				333			-2			356				19  
	75			RR				591			-254			341				19  
	76			RL				961			18			342				20  
	77			LR				583			-244			312				19  
	78			LR				409			-121			324				19  
	79			LR				831			-139			349				19  
	80			LR				318			-36			311				19  
	81			RR				819			-81			330				19  
	82			RR				242			-226			357				19  
	83			RR				883			-110			313				19  
	84			LL				628			252			310				20  
	85			RL				635			252			330				20  
	86			RL				548			127			326				20  
	87			LL				600			267			305				20  
	88			LR				484			-55			295				19  
	89			LL				823			147			387				20  
	90			LL				413			274			307				20  
	91			RR				515			-266			299				19  
	92			LL				742			222			345				20  
	93			RR				575			-198			301				19  
	94			LR				884			-221			359				19  
	95			RR				791			-98			326				19  
	96			LR				697			-247			331				19  
	97			RR				254			-248			375				19  
	98			LR				203			-37			336				19  
	99			LL				360			52			393				20  
	100			LR				771			-110			318				19  
	101			RL				738			103			321				20  
	102			LR				684			-111			282				19  
	103			RR				507			-78			293				19  
	104			RL				260			198			340				20  
	105			LR				879			-188			299				19  
	106			LL				354			17			333				20  
	107			LL				246			274			293				20  
	108			LL				940			61			363				20  
	109			LR				245			-71			354				19  
	110			LL				393			158			325				20  
	111			RL				701			71			315				20  
	112			LR				990			-178			344				19  
	113			RL				503			134			340				20  
	114			RR				722			-48			333				19  
	115			RL				478			173			305				20  
	116			RR				206			-191			364				19  
	117			RR				254			-228			375				19  
	118			RR				222			-266			335				19  
	119			RR				395			-75			326				19  
	120			LL				596			89			372				20  
	121			RL				239			9			363				20  
	122			RL				440			102			310				20  
	123			LL				940			19			381				20  
	124			RR				515			-244			345				19  
	125			LL				649			140			334				20  
	126			LL				336			91			325				20  
	127			LL				870			58			309				20  
	128			LL				708			5			381				20  
	129			LR				652			-253			371				19  
	130			RR				864			-285			316				19  
	131			LL				314			210			317				20  
	132			LR				340			-132			319				19  
	133			LL				628			162			308				20  
	134			RL				683			92			344				20  
	135			LL				567			123			337				20  
	136			LR				959			-156			313				19  
	137			LL				414			208			325				20  
	138			RR				578			-269			332				19  
	139			LR				593			-113			374				19  
	140			LL				503			100			341				20  
	141			LR				502			-101			340				19  
	142			RL				291			187			339				20  
	143			LL				660			252			305				20  
	144			RL				314			144			316				20  
	145			LL				573			197			322				20  
	146			LL				918			12			350				20  
	147			LR				556			-68			319				19  
	148			RR				339			-18			318				19  
	149			LR				292			-131			354				19  
	150			RL				611			195			354				20  
	151			LL				892			15			288				20  
	152			LL				374			170			334				20  
	153			RR				900			-193			310				19  
	154			RR				807			-102			313				19  
	155			LR				412			-143			324				19  
	156			LR				965			-169			307				19  
	157			RL				201			272			367				20  
	158			RR				391			-225			295				19  
	159			LL				444			31			337				20  
	160			RL				812			233			339				20  
	161			LR				560			-256			314				19  
	162			RL				602			26			303				20  
	163			LR				279			-247			347				19  
	164			LL				820			223			359				20  
	165			RL				307			46			324				20  
	166			LR				709			-126			318				19  
	167			LR				383			-48			307				19  
	168			RL				346			19			313				20  
	169			LL				976			24			387				20  
	170			RR				265			-176			333				19  
	171			LL				918			3			355				20  
	172			RL				836			179			340				20  
	173			RR				910			-33			361				19  
	174			RL				803			104			316				20  
	175			RL				627			251			308				20  
	176			LR				757			-101			301				19  
	177			RL				311			236			315				20  
	178			RR				446			-155			336				19  
	179			RR				501			-160			311				19  
	180			RR				570			-99			306				19  
	181			RL				263			167			366				20  
	182			RL				273			92			323				20  
	183			LR				774			-46			327				19  
	184			LL				867			222			344				20  
	185			RL				359			150			320				20  
	186			LR				264			-261			305				19  
	187			RL				547			151			297				20  
	188			RR				409			-93			313				19  
	189			LL				843			28			352				20  
	190			RL				493			271			350				20  
	191			RR				771			-199			377				19  
	192			RR				439			-69			310				19  
	193			RL				698			193			330				20  
	194			LR				828			-247			319				19  
	195			RL				650			167			346				20  
	196			RL				272			1			354				20  
	197			LL				202			161			336				20  
	198			LR				625			-122			312				19  
	199			LL				888			192			290				20  
	200			RL				967			108			322				20  
	201			LR				926			-46			283				19  
	202			RL				686			11			341				20  
	203			LL				881			181			299				20  
	204			RR				623			-18			373				19  
	205			RL				515			198			325				20  
	206			RL				984			115			319				20  
	207			RL				988			156			312				20  
	208			LL				639			272			326				20  
	209			LL				983			46			351				20  
	210			LL				721			211			337				20  
	211			RR				224			-8			364				19  
	212			RL				355			177			305				20  
	213			LR				387			-238			304				19  
	214			RR				895			-238			315				19  
	215			LR				946			-113			323				19  
	216			LR				700			-14			330				19  
	217			LR				223			-201			337				19  
	218			RR				660			-255			299				19  
	219			RR				622			-269			342				19  
	220			LR				752			-271			276				19  
	221			LR				543			-247			297				19  
	222			RL				567			111			336				20  
	223			RR				264			-219			335				19  
	224			RR				931			-192			328				19  
	225			RL				798			278			319				20  
	226			LR				316			-72			314				19  
	227			LR				355			-148			334				19  
	228			RR				919			-95			339				19  
	229			LR				834			-36			346				19  
	230			LL				788			164			359				20  
	231			RL				749			14			342				20  
	232			LL				642			206			354				20  
	233			LL				956			178			345				20  
	234			LL				770			113			319				20  
	235			RR				508			-29			333				19  
	236			RR				487			-124			355				19  
	237			LL				689			228			309				20  
	238			LL				304			210			325				20  
	239			RR				572			-56			303				19  
	240			RL				675			101			352				20  
	241			LL				335			268			293				20  
	242			RR				376			-280			315				19  
	243			RL				953			29			319				20  
	244			LR				652			-40			334				19  
	245			RR				971			-265			333				19  
	246			LL				254			245			375				20  
	247			RR				603			-281			363				19  
	248			RR				441			-3			341				19  
	249			LR				228			-237			399				19  
