

#! index		TrType			CTOA		CTD			RT		KeyPressed
	0			LR				556			-63			401				19  
	1			RL				497			137			277				20  
	2			LR				547			-194			349				19  
	3			RL				556			68			341				20  
	4			RL				414			126			329				20  
	5			RL				395			240			287				20  
	6			LL				466			118			362				20  
	7			LL				223			21			421				20  
	8			LR				656			-154			331				19  
	9			LR				522			-171			283				19  
	10			RR				520			-26			346				19  
	11			LR				653			-229			335				19  
	12			RR				342			-74			356				20  
	13			RL				750			267			717				20  
	14			RR				293			-186			389				19  
	15			LL				559			53			338				20  
	16			RL				463			113			341				20  
	17			RL				711			134			277				20  
	18			LR				757			-253			321				19  
	19			RR				481			-40			355				19  
	20			RL				240			283			381				20  
	21			LR				296			-95			295				19  
	22			RL				777			73			301				19  
	23			LR				334			-221			287				19  
	24			RL				295			186			326				20  
	25			LL				685			243			395				20  
	26			RL				798			142			344				20  
	27			LR				436			-52			306				19  
	28			LR				719			-180			331				19  
	29			RR				650			-176			399				19  
	30			RR				735			-38			344				19  
	31			LL				729			117			321				20  
	32			LL				329			263			291				20  
	33			LR				484			-100			351				19  
	34			LR				349			-268			302				19  
	35			LR				739			-35			310				19  
	36			LR				651			-213			307				19  
	37			RL				349			63			394				20  
	38			RL				460			179			345				20  
	39			LR				238			-143			321				19  
	40			LL				608			127			410				20  
	41			LL				689			156			390				20  
	42			LR				336			-175			347				19  
	43			RL				289			257			331				20  
	44			RR				501			-99			335				19  
	45			RR				464			-173			309				19  
	46			RL				538			245			328				20  
	47			RR				386			-145			357				19  
	48			LR				520			-6			315				19  
	49			LR				298			-82			262				19  
	50			LL				599			127			358				20  
	51			RR				267			-138			416				19  
	52			LL				595			211			330				20  
	53			LR				362			-134			291				19  
	54			RR				303			-128			379				19  
	55			LL				513			93			353				20  
	56			RR				276			-273			376				19  
	57			LL				792			239			288				20  
	58			RL				497			43			308				20  
	59			RR				511			-151			354				19  
	60			LR				683			-169			428				19  
	61			RL				350			133			331				20  
	62			LL				640			163			318				20  
	63			LR				484			-235			350				19  
	64			RL				766			165			315				20  
	65			LL				435			221			339				20  
	66			LR				632			-152			325				19  
	67			LR				606			-172			291				19  
	68			RR				509			-59			342				19  
	69			LR				600			-279			326				19  
	70			LL				319			118			333				20  
	71			LR				674			-274			300				19  
	72			LL				354			47			358				20  
	73			RL				697			184			322				20  
	74			RL				591			84			306				20  
	75			RR				339			-134			312				19  
	76			RL				203			220			390				20  
	77			LR				523			-16			281				19  
	78			RR				286			-241			274				19  
	79			LR				412			-42			362				19  
	80			RL				399			73			283				20  
	81			LR				647			-176			309				19  
	82			RL				624			203			310				20  
	83			RL				724			80			294				20  
	84			LL				511			226			325				20  
	85			LR				689			-200			298				19  
	86			LR				371			-93			311				19  
	87			RR				233			-180			386				19  
	88			LL				269			128			323				20  
	89			LR				775			-267			335				19  
	90			RR				264			-177			355				19  
	91			RL				418			27			325				20  
	92			LR				788			-237			324				19  
	93			LL				615			112			374				20  
	94			RL				783			173			325				20  
	95			LR				659			-15			300				19  
	96			RR				478			-145			358				19  
	97			RR				674			-144			405				19  
	98			RR				452			-183			322				19  
	99			RR				722			-38			357				19  
	100			LL				683			273			371				20  
	101			LR				456			-150			348				19  
	102			LR				514			-229			319				19  
	103			LL				411			272			332				20  
	104			LL				647			177			342				20  
	105			RR				411			-31			761				19  
	106			LR				445			-252			329				19  
	107			LL				751			203			298				20  
	108			LR				453			-187			351				19  
	109			LR				238			-160			445				19  
	110			LL				318			163			334				20  
	111			RL				292			271			360				20  
	112			LL				607			88			349				20  
	113			LR				487			-103			318				19  
	114			LL				458			109			347				20  
	115			RL				231			49			327				20  
	116			RR				296			-122			387				19  
	117			RR				225			-134			390				19  
	118			LR				651			-268			336				19  
	119			LR				444			-78			330				19  
	120			RL				781			119			299				20  
	121			RL				524			282			279				20  
	122			LR				495			-23			310				19  
	123			RR				680			-150			307				19  
	124			LR				297			-205			355				19  
	125			LR				528			-75			276				19  
	126			RL				632			62			387				20  
	127			RL				288			25			333				20  
	128			LR				571			-110			294				19  
	129			RL				533			213			301				20  
	130			RL				698			86			292				20  
	131			LL				348			3			304				20  
	132			RL				341			114			310				20  
	133			RL				389			76			293				20  
	134			RL				706			162			313				20  
	135			LL				537			262			360				20  
	136			RR				696			-123			383				19  
	137			LL				227			282			360				20  
	138			RL				281			84			340				20  
	139			LR				513			-3			353				20  
	140			LL				360			199			322				20  
	141			LR				541			-263			356				19  
	142			RL				548			183			347				20  
	143			RR				788			-46			476				19  
	144			RL				349			241			304				20  
	145			LR				689			-20			359				19  
	146			LL				641			6			348				20  
	147			LL				300			33			534				20  
	148			LR				293			-238			360				19  
	149			RR				470			-30			333				19  
	150			LL				477			59			297				20  
	151			RL				295			159			295				20  
	152			LR				249			-41			356				19  
	153			LL				634			13			371				20  
	154			LR				730			-226			318				19  
	155			LR				636			-28			322				19  
	156			LL				680			68			307				20  
	157			LL				693			120			357				20  
	158			LR				765			-211			346				19  
	159			RR				665			-165			292				19  
	160			LR				728			-196			353				19  
	161			LR				253			-103			430				19  
	162			RL				587			177			278				20  
	163			LL				674			245			376				20  
	164			LL				701			98			318				20  
	165			RR				576			-185			382				19  
	166			RL				637			196			320				20  
	167			LR				780			-255			302				19  
	168			LR				432			-72			340				19  
	169			LL				275			19			376				20  
	170			LL				622			97			428				20  
	171			LL				434			221			309				20  
	172			RR				653			-83			274				19  
	173			RL				425			151			318				20  
	174			LR				340			-187			311				19  
	175			LL				547			144			288				20  
	176			RR				336			-45			346				19  
	177			RR				749			-181			393				19  
	178			LL				685			14			394				20  
	179			LR				238			-70			353				19  
	180			RR				278			-91			433				19  
	181			LR				483			-137			322				19  
	182			LL				349			83			332				20  
	183			LR				523			-254			282				19  
	184			RL				242			93			369				20  
	185			LR				634			-111			446				19  
	186			RL				337			52			284				20  
	187			LR				433			-269			341				19  
	188			LR				213			-25			314				19  
	189			LR				244			-103			255				19  
	190			LR				391			-96			290				19  
	191			RR				583			-201			894				19  
	192			LL				272			236			350				20  
	193			RL				447			93			297				20  
	194			RR				382			-17			391				19  
	195			RL				578			107			287				20  
	196			RL				212			262			329				20  
	197			LL				321			107			362				20  
	198			LL				286			183			396				20  
	199			LL				339			277			343				20  
	200			RL				556			123			310				20  
	201			LL				758			105			352				20  
	202			LR				581			-157			315				19  
	203			RL				478			78			295				20  
	204			LL				675			19			345				20  
	205			RL				712			167			277				20  
	206			RL				337			95			283				20  
	207			RR				288			-134			425				19  
	208			LL				513			180			322				20  
	209			LR				297			-246			355				19  
	210			RR				280			-119			432				19  
	211			RR				540			-174			326				19  
	212			LR				761			-264			334				19  
	213			RR				493			-185			342				19  
	214			RL				658			194			300				20  
	215			RL				699			96			349				20  
	216			RR				451			-5			385				19  
	217			RR				652			-257			397				19  
	218			LR				335			-265			378				19  
	219			RL				713			54			488				20  
	220			RL				630			12			755				20  
	221			LR				280			-236			342				19  
	222			LL				646			70			341				20  
	223			RL				600			37			329				20  
	224			LR				390			-230			262				19  
	225			LR				797			-95			313				19  
	226			RL				401			26			312				20  
	227			LR				412			-285			270				19  
	228			RL				353			121			299				20  
	229			RL				310			4			249				20  
	230			LR				424			-211			259				19  
	231			LR				450			-9			324				19  
	232			LL				346			75			336				20  
	233			RR				494			-280			341				19  
	234			LL				572			132			325				20  
	235			LL				455			222			288				20  
	236			LR				656			-146			317				19  
	237			RR				712			-1			337				19  
	238			LL				710			205			279				20  
	239			LR				366			-82			345				19  
	240			RL				375			165			277				20  
	241			LL				219			0			390				20  
	242			LR				240			-48			341				19  
	243			RR				398			0			345				19  
	244			LR				387			-43			312				19  
	245			RR				665			-86			230				19  
	246			RL				533			224			293				20  
	247			LR				241			-177			349				19  
	248			LR				243			-203			348				19  
	249			RL				674			282			283				20  
