

#! index		TrOrder		TrType			CTOA		CTD			RT		KeyPressed
	0			3			LL			200			0			424				20  
	1			15			LR			200			0			363				19  
	2			19			RL			200			0			393				20  
	3			25			RR			200			0			392				19  
	4			30			LL			200			286			414				20  
	5			4			LR			200			0			424				19  
	6			12			RL			200			0			393				20  
	7			6			RR			200			-286			392				19  
	8			7			LL			400			0			377				20  
	9			11			LR			400			0			316				19  
	10			26			RL			400			0			316				20  
	11			23			RR			400			0			408				19  
	12			9			LL			400			286			347				20  
	13			22			LR			400			0			378				19  
	14			5			RL			400			0			346				20  
	15			28			RR			400			-286			345				19  
	16			16			LL			600			0			330				20  
	17			17			LR			600			0			300				19  
	18			8			RL			600			0			331				20  
	19			29			RR			600			0			362				19  
	20			1			LL			600			286			329				19  
	21			2			LR			600			0			393				19  
	22			18			RL			600			0			330				20  
	23			14			RR			600			-286			314				19  
	24			10			LL			800			0			342				20  
	25			27			LR			800			0			314				19  
	26			0			RL			800			0			986				19  
	27			13			RR			800			0			314				19  
	28			20			LL			800			286			333				20  
	29			31			LR			800			0			274				19  
	30			21			RL			800			0			374				20  
	31			24			RR			800			-286			342				19  
	32			64			LL			200			0			394				20  
	33			104			LL			200			0			394				20  
	34			105			LL			200			0			333				20  
	35			54			LR			200			0			332				19  
	36			110			LR			200			0			333				19  
	37			51			LR			200			0			395				19  
	38			100			RL			200			0			424				20  
	39			116			RL			200			0			363				20  
	40			97			RL			200			0			303				20  
	41			66			RR			200			0			424				19  
	42			102			RR			200			0			424				19  
	43			72			RR			200			0			363				19  
	44			75			LL			200			286			349				20  
	45			114			LL			200			286			394				20  
	46			38			LL			200			286			362				20  
	47			34			LR			200			0			333				19  
	48			118			LR			200			0			352				19  
	49			55			LR			200			0			333				19  
	50			92			RL			200			0			393				20  
	51			32			RL			200			0			332				20  
	52			69			RL			200			0			333				20  
	53			37			RR			200			-286			393				19  
	54			86			RR			200			-286			362				19  
	55			52			RR			200			-286			393				19  
	56			89			LL			400			0			347				20  
	57			78			LL			400			0			346				20  
	58			126			LL			400			0			438				20  
	59			77			LR			400			0			316				19  
	60			125			LR			400			0			316				19  
	61			95			LR			400			0			315				19  
	62			63			RL			400			0			316				20  
	63			70			RL			400			0			286				20  
	64			90			RL			400			0			306				20  
	65			47			RR			400			0			317				19  
	66			81			RR			400			0			315				19  
	67			39			RR			400			0			407				19  
	68			84			LL			400			286			347				20  
	69			40			LL			400			286			315				20  
	70			109			LL			400			286			471				20  
	71			122			LR			400			0			333				19  
	72			127			LR			400			0			346				19  
	73			33			LR			400			0			285				19  
	74			58			RL			400			0			316				20  
	75			96			RL			400			0			316				20  
	76			65			RL			400			0			285				20  
	77			74			RR			400			-286			316				19  
	78			121			RR			400			-286			376				19  
	79			43			RR			400			-286			315				19  
	80			93			LL			600			0			301				20  
	81			117			LL			600			0			362				20  
	82			124			LL			600			0			362				20  
	83			73			LR			600			0			299				19  
	84			108			LR			600			0			314				19  
	85			80			LR			600			0			299				19  
	86			36			RL			600			0			331				20  
	87			112			RL			600			0			331				20  
	88			50			RL			600			0			359				20  
	89			119			RR			600			0			330				19  
	90			61			RR			600			0			329				19  
	91			41			RR			600			0			392				19  
	92			48			LL			600			286			298				20  
	93			42			LL			600			286			270				20  
	94			35			LL			600			286			330				20  
	95			106			LR			600			0			300				19  
	96			98			LR			600			0			269				20  
	97			56			LR			600			0			298				19  
	98			91			RL			600			0			300				20  
	99			60			RL			600			0			330				20  
	100			49			RL			600			0			330				20  
	101			101			RR			600			-286			331				19  
	102			99			RR			600			-286			329				19  
	103			123			RR			600			-286			298				19  
	104			71			LL			800			0			313				20  
	105			103			LL			800			0			405				20  
	106			88			LL			800			0			343				20  
	107			111			LR			800			0			313				19  
	108			82			LR			800			0			254				19  
	109			46			LR			800			0			344				19  
	110			76			RL			800			0			251				20  
	111			83			RL			800			0			313				20  
	112			107			RL			800			0			284				20  
	113			57			RR			800			0			345				19  
	114			113			RR			800			0			343				19  
	115			67			RR			800			0			284				19  
	116			94			LL			800			286			282				20  
	117			87			LL			800			286			313				20  
	118			45			LL			800			286			374				20  
	119			44			LR			800			0			344				19  
	120			53			LR			800			0			314				19  
	121			79			LR			800			0			284				19  
	122			62			RL			800			0			345				20  
	123			68			RL			800			0			358				20  
	124			115			RL			800			0			375				20  
	125			85			RR			800			-286			282				19  
	126			120			RR			800			-286			314				19  
	127			59			RR			800			-286			312				19  
