

#! index		TrOrder		TrType			CTOA		CTD			RT		KeyPressed
	0			31			LL			200			0			445				20  
	1			17			LR			200			0			415				19  
	2			28			RL			200			0			387				20  
	3			6			RR			200			0			475				19  
	4			7			LL			200			286			385				20  
	5			4			LR			200			0			357				19  
	6			25			RL			200			0			355				20  
	7			15			RR			200			-286			431				19  
	8			0			LL			400			0			646				19  
	9			20			LR			400			0			401				19  
	10			27			RL			400			0			431				20  
	11			26			RR			400			0			370				19  
	12			22			LL			400			286			339				20  
	13			18			LR			400			0			432				19  
	14			11			RL			400			0			389				20  
	15			21			RR			400			-286			371				19  
	16			8			LL			600			0			355				20  
	17			16			LR			600			0			447				19  
	18			1			RL			600			0			325				20  
	19			9			RR			600			0			324				19  
	20			24			LL			600			286			354				20  
	21			5			LR			600			0			432				19  
	22			3			RL			600			0			354				20  
	23			14			RR			600			-286			370				19  
	24			30			LL			800			0			334				20  
	25			29			LR			800			0			338				19  
	26			2			RL			800			0			398				20  
	27			12			RR			800			0			336				19  
	28			13			LL			800			286			339				20  
	29			19			LR			800			0			338				19  
	30			23			RL			800			0			389				20  
	31			10			RR			800			-286			369				19  
	32			61			LL			200			0			355				20  
	33			121			LL			200			0			386				20  
	34			71			LL			200			0			446				20  
	35			155			LL			200			0			387				20  
	36			112			LR			200			0			387				19  
	37			88			LR			200			0			355				19  
	38			91			LR			200			0			386				19  
	39			131			LR			200			0			401				19  
	40			135			RL			200			0			355				20  
	41			133			RL			200			0			417				20  
	42			137			RL			200			0			353				20  
	43			157			RL			200			0			477				20  
	44			48			RR			200			0			417				19  
	45			132			RR			200			0			415				19  
	46			149			RR			200			0			412				19  
	47			45			RR			200			0			447				19  
	48			120			LL			200			286			387				20  
	49			64			LL			200			286			356				20  
	50			93			LL			200			286			385				20  
	51			128			LL			200			286			413				20  
	52			70			LR			200			0			384				19  
	53			58			LR			200			0			386				19  
	54			122			LR			200			0			354				19  
	55			115			LR			200			0			354				19  
	56			86			RL			200			0			325				20  
	57			123			RL			200			0			324				20  
	58			95			RL			200			0			355				20  
	59			37			RL			200			0			384				20  
	60			52			RR			200			-286			385				19  
	61			68			RR			200			-286			417				19  
	62			49			RR			200			-286			351				19  
	63			116			RR			200			-286			323				19  
	64			147			LL			400			0			338				20  
	65			39			LL			400			0			370				20  
	66			33			LL			400			0			400				20  
	67			159			LL			400			0			309				20  
	68			69			LR			400			0			339				19  
	69			127			LR			400			0			392				19  
	70			46			LR			400			0			370				19  
	71			153			LR			400			0			340				19  
	72			36			RL			400			0			401				20  
	73			110			RL			400			0			454				20  
	74			141			RL			400			0			309				20  
	75			43			RL			400			0			392				20  
	76			145			RR			400			0			341				19  
	77			67			RR			400			0			370				19  
	78			80			RR			400			0			371				19  
	79			148			RR			400			0			372				19  
	80			96			LL			400			286			310				20  
	81			104			LL			400			286			291				20  
	82			83			LL			400			286			331				20  
	83			117			LL			400			286			342				20  
	84			84			LR			400			0			337				19  
	85			66			LR			400			0			340				19  
	86			76			LR			400			0			345				19  
	87			114			LR			400			0			340				19  
	88			100			RL			400			0			309				20  
	89			124			RL			400			0			340				20  
	90			89			RL			400			0			306				20  
	91			50			RL			400			0			341				20  
	92			113			RR			400			-286			326				19  
	93			51			RR			400			-286			337				19  
	94			34			RR			400			-286			324				19  
	95			130			RR			400			-286			357				19  
	96			144			LL			600			0			289				20  
	97			54			LL			600			0			322				20  
	98			94			LL			600			0			261				20  
	99			97			LL			600			0			295				20  
	100			140			LR			600			0			322				19  
	101			87			LR			600			0			323				19  
	102			65			LR			600			0			321				19  
	103			136			LR			600			0			292				19  
	104			105			RL			600			0			293				20  
	105			59			RL			600			0			294				20  
	106			103			RL			600			0			324				20  
	107			154			RL			600			0			291				20  
	108			55			RR			600			0			294				19  
	109			143			RR			600			0			345				19  
	110			118			RR			600			0			339				19  
	111			129			RR			600			0			322				19  
	112			139			LL			600			286			292				20  
	113			62			LL			600			286			293				19  
	114			151			LL			600			286			262				20  
	115			75			LL			600			286			380				20  
	116			63			LR			600			0			344				19  
	117			60			LR			600			0			294				19  
	118			85			LR			600			0			323				19  
	119			134			LR			600			0			324				19  
	120			79			RL			600			0			322				20  
	121			108			RL			600			0			324				20  
	122			47			RL			600			0			324				20  
	123			81			RL			600			0			295				20  
	124			78			RR			600			-286			324				19  
	125			109			RR			600			-286			385				19  
	126			44			RR			600			-286			322				19  
	127			106			RR			600			-286			385				19  
	128			142			LL			800			0			278				20  
	129			42			LL			800			0			337				20  
	130			56			LL			800			0			309				20  
	131			90			LL			800			0			336				20  
	132			32			LR			800			0			307				19  
	133			125			LR			800			0			350				19  
	134			35			LR			800			0			318				19  
	135			146			LR			800			0			370				19  
	136			77			RL			800			0			328				20  
	137			138			RL			800			0			337				20  
	138			150			RL			800			0			338				20  
	139			102			RL			800			0			307				20  
	140			73			RR			800			0			336				19  
	141			74			RR			800			0			369				19  
	142			53			RR			800			0			307				19  
	143			38			RR			800			0			364				19  
	144			98			LL			800			286			307				20  
	145			119			LL			800			286			276				20  
	146			99			LL			800			286			339				20  
	147			107			LL			800			286			308				20  
	148			82			LR			800			0			309				19  
	149			40			LR			800			0			325				19  
	150			111			LR			800			0			398				19  
	151			72			LR			800			0			338				19  
	152			158			RL			800			0			279				20  
	153			92			RL			800			0			277				20  
	154			152			RL			800			0			307				20  
	155			156			RL			800			0			276				20  
	156			57			RR			800			-286			336				19  
	157			41			RR			800			-286			368				19  
	158			101			RR			800			-286			345				19  
	159			126			RR			800			-286			383				19  
