

#! index		TrType			CTOA		CTD			RT		KeyPressed
	0			LL				227			17			487				19  
	1			LR				714			-61			433				19  
	2			RL				753			100			453				20  
	3			RL				451			13			418				20  
	4			LR				257			-49			463				19  
	5			LR				917			-123			472				19  
	6			RL				205			192			577				20  
	7			LL				443			94			428				20  
	8			LL				575			83			324				20  
	9			RL				317			32			431				20  
	10			RL				367			99			350				20  
	11			LL				417			170			514				20  
	12			RR				590			-59			342				19  
	13			LL				870			273			393				20  
	14			LR				909			-101			482				19  
	15			LL				247			230			532				20  
	16			LL				592			109			519				20  
	17			RL				329			129			481				20  
	18			RR				593			-186			521				19  
	19			LL				828			61			468				20  
	20			LR				919			-232			350				19  
	21			RL				396			15			413				20  
	22			LL				874			282			422				20  
	23			RR				240			-66			538				19  
	24			RR				205			-157			487				19  
	25			RR				488			-219			381				19  
	26			LR				332			-282			370				19  
	27			RL				640			146			414				20  
	28			LL				202			145			702				20  
	29			RR				723			-186			390				19  
	30			RL				894			0			466				20  
	31			RR				744			-179			462				19  
	32			RR				786			-210			513				19  
	33			RR				775			-196			430				19  
	34			RR				962			-149			398				19  
	35			LL				603			119			572				20  
	36			LR				415			-229			455				19  
	37			RR				405			-100			434				19  
	38			RR				816			-112			420				19  
	39			RL				423			62			446				20  
	40			LR				944			-269			417				19  
	41			LL				947			261			381				20  
	42			RR				647			-207			560				19  
	43			RL				437			169			340				20  
	44			RL				986			132			465				20  
	45			LL				604			198			419				20  
	46			LR				939			-25			540				19  
	47			RL				782			10			425				20  
	48			LR				263			-282			423				19  
	49			RL				577			169			353				20  
	50			RL				750			19			397				20  
	51			RL				704			63			349				20  
	52			LL				635			30			438				20  
	53			LR				416			-204			424				19  
	54			LR				889			-78			409				19  
	55			RR				459			-95			502				19  
	56			RR				213			-191			488				19  
	57			RL				286			73			400				20  
	58			RL				316			177			463				20  
	59			LL				307			74			378				20  
	60			RL				782			238			394				20  
	61			LR				836			-96			340				19  
	62			RR				212			-115			516				19  
	63			LL				298			219			450				20  
	64			LL				869			32			389				20  
	65			LR				287			-275			450				19  
	66			LR				556			-212			406				19  
	67			RL				291			70			442				20  
	68			RL				497			237			432				20  
	69			RR				993			-253			458				19  
	70			RL				402			180			376				20  
	71			LR				267			-2			388				19  
	72			LR				538			-265			362				19  
	73			LR				861			-33			407				19  
	74			LR				674			-48			349				19  
	75			LR				764			-156			380				19  
	76			RR				736			-269			532				19  
	77			RR				529			-126			403				19  
	78			LR				727			-25			386				19  
	79			LR				592			-249			463				19  
	80			RL				501			109			398				20  
	81			RL				207			197			426				20  
	82			LL				213			3			486				20  
	83			RR				955			-130			435				19  
	84			LR				249			-211			469				19  
	85			LL				386			37			473				20  
	86			RR				824			-277			537				19  
	87			LR				777			-263			336				19  
	88			RR				331			-70			507				19  
	89			LR				404			-160			406				19  
	90			RR				302			-37			414				19  
	91			RR				609			-224			384				19  
	92			RR				360			-246			418				19  
	93			RR				369			-218			379				19  
	94			RR				735			-74			319				19  
	95			LL				527			132			371				20  
	96			RR				632			-95			330				19  
	97			RL				608			176			476				20  
	98			RL				546			160			417				20  
	99			RR				742			-283			432				19  
	100			LL				392			229			507				20  
	101			RL				498			178			432				20  
	102			RR				326			-131			482				19  
	103			LL				215			68			518				20  
	104			RL				827			24			379				20  
	105			LL				236			46			451				20  
	106			RL				606			5			387				20  
	107			LL				873			170			455				20  
	108			RL				567			97			487				20  
	109			LR				215			-96			518				19  
	110			RL				209			133			517				20  
	111			RR				851			-29			467				19  
	112			LL				549			269			474				20  
	113			LL				917			284			402				20  
	114			RR				309			-204			622				19  
	115			RR				377			-241			385				19  
	116			LR				507			-146			424				19  
	117			LR				522			-198			502				19  
	118			RL				999			88			450				20  
	119			RL				472			172			369				20  
	120			RR				743			-38			462				19  
	121			RL				315			12			463				20  
	122			LL				397			30			504				20  
	123			RR				351			-54			442				19  
	124			LL				345			16			403				20  
	125			LR				916			-278			352				19  
	126			RL				791			113			415				20  
	127			LL				401			188			468				20  
	128			LL				957			109			372				20  
	129			LR				405			-35			433				19  
	130			LL				886			250			413				20  
	131			LL				995			127			425				20  
	132			LR				229			-128			487				19  
	133			RL				314			100			434				20  
	134			RR				466			-111			433				19  
	135			RL				513			185			328				20  
	136			LR				491			-84			378				19  
	137			RL				808			98			429				20  
	138			RL				534			111			368				20  
	139			RR				839			-222			430				19  
	140			RR				938			-241			419				19  
	141			RR				839			-15			476				19  
	142			RR				394			-146			263				19  
	143			RR				754			-45			451				19  
	144			LR				234			-282			469				19  
	145			RL				545			204			346				20  
	146			LL				265			50			482				20  
	147			RR				501			-255			400				19  
	148			LL				775			159			431				20  
	149			LL				288			136			431				20  
	150			RR				910			-73			328				19  
	151			RL				786			7			482				20  
	152			RR				830			-239			409				19  
	153			RL				440			225			459				20  
	154			RL				568			20			455				20  
	155			LL				559			214			433				20  
	156			LL				330			225			386				20  
	157			RL				472			169			400				20  
	158			LR				387			-231			422				19  
	159			LR				832			-237			374				19  
	160			LR				414			-221			426				19  
	161			LL				618			147			435				20  
	162			RR				640			-142			446				19  
	163			LL				510			50			512				20  
	164			RL				341			256			466				20  
	165			LL				399			14			411				20  
	166			LL				998			81			443				20  
	167			RL				830			256			345				20  
	168			RR				503			-64			644				19  
	169			RL				352			191			365				20  
	170			RR				216			-285			395				19  
	171			LR				834			-17			403				19  
	172			RR				446			-261			378				19  
	173			LR				845			-18			394				19  
	174			LR				987			-193			465				19  
	175			RL				904			211			455				20  
	176			RL				944			276			446				20  
	177			RL				371			152			407				20  
	178			RR				288			-95			491				19  
	179			LL				469			264			431				20  
	180			LL				204			224			488				20  
	181			RR				202			-47			455				19  
	182			LL				252			28			405				20  
	183			LL				982			120			336				20  
	184			LL				234			263			452				20  
	185			RR				776			-191			371				19  
	186			RR				569			-118			392				19  
	187			LL				542			271			357				20  
	188			LL				968			246			393				20  
	189			LR				434			-276			435				19  
	190			LR				374			-26			404				19  
	191			LR				201			-2			486				19  
	192			RL				335			66			414				20  
	193			RL				416			76			605				20  
	194			RL				754			80			423				20  
	195			LR				691			-51			424				19  
	196			RR				426			-2			504				19  
	197			LL				758			14			449				20  
	198			LL				718			58			427				20  
	199			LR				608			-199			414				19  
