

#! index		TrType			CTOA		CTD			RT		KeyPressed
	0			RR				595			-254			403				19  
	1			RR				980			-283			387				19  
	2			LR				714			-184			406				19  
	3			RL				890			254			360				20  
	4			LL				659			125			498				20  
	5			LR				826			-232			399				19  
	6			LR				615			-36			399				19  
	7			RR				214			-17			462				19  
	8			LR				367			-74			402				19  
	9			RL				494			140			362				20  
	10			LL				324			131			433				20  
	11			LL				236			65			422				20  
	12			RL				227			193			356				20  
	13			RL				745			105			356				20  
	14			LL				656			106			479				20  
	15			RR				206			-239			397				19  
	16			LR				857			-37			429				19  
	17			LR				958			-259			446				19  
	18			RL				206			68			378				20  
	19			LL				414			242			503				20  
	20			LL				806			272			356				20  
	21			LR				373			-9			406				19  
	22			LR				556			-216			446				19  
	23			RR				297			-98			608				20  
	24			RL				593			145			370				20  
	25			RL				892			129			342				20  
	26			LR				763			-262			387				19  
	27			LR				868			-114			371				19  
	28			LR				794			-26			347				19  
	29			RL				985			43			353				20  
	30			LR				864			-105			390				19  
	31			RL				826			179			422				20  
	32			LL				854			264			446				20  
	33			LL				661			258			412				20  
	34			RL				938			128			400				20  
	35			RL				544			1			402				20  
	36			LL				907			110			383				20  
	37			LL				841			203			458				20  
	38			RR				361			-13			448				19  
	39			RR				435			-186			466				19  
	40			RL				556			3			398				20  
	41			LR				850			-169			348				19  
	42			LL				553			176			381				20  
	43			RR				493			-218			375				19  
	44			RL				415			114			362				20  
	45			LL				775			258			362				20  
	46			LL				780			31			376				20  
	47			RR				288			-43			437				19  
	48			LL				857			268			387				20  
	49			LR				895			-202			419				19  
	50			RR				615			-87			431				19  
	51			RL				625			196			377				20  
	52			LL				298			253			462				20  
	53			LR				791			-188			408				19  
	54			RL				602			102			363				20  
	55			LR				922			-139			421				19  
	56			LL				845			143			457				20  
	57			LL				934			90			637				20  
	58			LL				257			94			486				20  
	59			RR				208			-183			455				19  
	60			LR				774			-114			432				19  
	61			RR				217			-277			427				19  
	62			LL				766			281			342				20  
	63			RR				674			-103			402				19  
	64			LR				402			-3			400				19  
	65			LL				690			109			504				20  
	66			LL				280			136			444				20  
	67			RR				680			-194			441				19  
	68			LL				932			202			450				20  
	69			LL				398			173			399				20  
	70			RL				912			6			359				20  
	71			RR				432			-277			411				19  
	72			LR				408			-11			405				19  
	73			LL				395			243			534				20  
	74			LR				686			-46			549				19  
	75			RR				696			-109			448				19  
	76			LL				201			116			552				20  
	77			RL				582			100			447				20  
	78			RL				327			104			465				20  
	79			RR				894			-111			403				19  
	80			RL				578			38			511				20  
	81			RR				595			-257			469				19  
	82			LL				570			107			509				20  
	83			LR				601			-126			475				19  
	84			LL				481			218			373				20  
	85			RL				613			199			340				20  
	86			RL				918			208			315				20  
	87			LL				443			104			404				20  
	88			LR				723			-262			424				19  
	89			LL				215			204			516				20  
	90			RL				527			115			363				20  
	91			LL				634			109			443				20  
	92			RL				554			178			360				20  
	93			LL				854			31			587				20  
	94			RL				407			58			498				20  
	95			LL				217			262			457				20  
	96			RR				775			-181			434				19  
	97			LL				559			237			402				20  
	98			RR				852			-52			471				19  
	99			RR				785			-115			562				19  
	100			LR				557			-28			403				19  
	101			RR				880			-82			470				19  
	102			LR				387			-268			471				19  
	103			LL				888			26			618				20  
	104			LR				977			-170			767				19  
	105			LR				341			-176			498				19  
	106			LL				276			153			422				20  
	107			RL				785			218			371				20  
	108			LR				649			-183			393				19  
	109			LL				797			154			369				20  
	110			RL				321			242			447				20  
	111			LR				401			-200			372				19  
	112			RL				632			284			421				20  
	113			RL				583			30			453				20  
	114			LR				656			-137			385				19  
	115			RL				333			249			386				20  
	116			RL				828			282			583				20  
	117			LR				458			-157			368				19  
	118			LL				268			265			392				20  
	119			RR				782			-10			487				19  
	120			RR				414			-169			640				19  
	121			LL				293			285			404				20  
	122			RL				853			182			462				20  
	123			LL				849			40			400				20  
	124			RR				935			-175			430				19  
	125			RR				519			-74			590				19  
	126			RL				418			1			668				20  
	127			LL				407			137			432				20  
	128			LL				847			149			325				20  
	129			RR				789			-87			457				19  
	130			LL				818			69			378				20  
	131			LR				492			-123			466				19  
	132			LL				491			46			392				20  
	133			RR				202			-106			468				19  
	134			RR				315			-43			470				19  
	135			LL				805			28			468				20  
	136			LR				214			-237			503				19  
	137			RL				219			253			425				20  
	138			RL				605			8			388				20  
	139			LR				222			-257			413				19  
	140			LL				467			10			422				20  
	141			LR				663			-83			416				19  
	142			RR				209			-103			544				19  
	143			RR				340			-70			443				19  
	144			RR				638			-14			448				19  
	145			RL				759			71			384				20  
	146			RL				837			207			372				20  
	147			RL				701			131			398				20  
	148			LL				611			1			436				20  
	149			LR				634			-81			506				19  
	150			RL				553			96			334				20  
	151			LL				583			216			406				20  
	152			LL				816			155			385				20  
	153			LR				306			-94			478				19  
	154			RR				504			-75			433				19  
	155			RL				543			272			368				20  
	156			LR				744			-188			398				19  
	157			LL				524			112			453				20  
	158			RL				893			180			368				20  
	159			LL				896			257			423				20  
	160			RL				323			144			484				20  
	161			LL				593			196			463				20  
	162			RR				400			-251			420				19  
	163			RR				834			-71			592				19  
	164			LR				299			-48			461				19  
	165			RL				509			224			323				20  
	166			LR				471			-56			490				19  
	167			RR				998			-68			460				19  
	168			RL				512			227			385				20  
	169			RL				217			255			504				20  
	170			RL				937			124			353				20  
	171			LL				540			129			410				20  
	172			LR				289			-69			401				19  
	173			LL				993			48			371				20  
	174			LR				394			-135			467				19  
	175			RR				529			-58			476				19  
	176			LL				358			177			364				20  
	177			LL				517			125			364				20  
	178			LR				709			-35			368				19  
	179			RL				545			194			365				20  
	180			LR				460			-112			369				19  
	181			RR				808			-170			433				19  
	182			RR				371			-13			483				19  
	183			RR				566			-84			400				19  
	184			LL				700			190			374				20  
	185			RL				278			121			382				20  
	186			RR				442			-149			411				19  
	187			LL				937			177			498				20  
	188			RR				488			-30			415				19  
	189			LR				588			-175			400				19  
	190			RL				333			12			652				20  
	191			LR				647			-257			364				19  
	192			RL				323			248			342				20  
	193			LL				361			236			398				20  
	194			RL				598			8			433				20  
	195			RR				332			-184			382				19  
	196			LL				674			130			404				20  
	197			RR				293			-190			122				19  
	198			LR				789			-146			398				19  
	199			RR				875			-225			430				19  
	200			RR				566			-112			418				19  
	201			RL				602			216			398				20  
	202			RL				523			95			316				20  
	203			RR				418			-105			391				19  
	204			LR				280			-8			496				19  
	205			RL				304			226			348				20  
	206			LL				820			243			346				20  
	207			LR				385			-239			375				19  
	208			LL				917			52			399				20  
	209			RR				526			-4			401				19  
	210			LR				357			-3			397				19  
	211			RR				671			-163			388				19  
	212			LL				476			81			408				20  
	213			RL				744			56			399				20  
	214			RL				239			174			375				20  
	215			RL				264			54			455				20  
	216			RL				896			103			391				20  
	217			RL				779			186			558				20  
	218			RL				649			193			364				20  
	219			LL				795			156			462				20  
	220			LL				806			250			374				20  
	221			RR				817			-202			496				19  
	222			LL				475			269			335				20  
	223			RR				702			-129			421				19  
	224			RR				861			-18			419				19  
	225			RR				551			-230			442				19  
	226			RR				703			-91			385				19  
	227			RL				993			19			343				20  
	228			LL				714			204			381				20  
	229			RR				456			-219			402				19  
	230			RL				893			5			471				20  
	231			LR				792			-244			368				19  
	232			RR				558			-11			426				19  
	233			LR				512			-259			433				19  
	234			LL				874			234			408				20  
	235			RL				925			233			378				20  
	236			LR				769			-195			458				19  
	237			LR				226			-78			449				19  
	238			RR				282			-121			473				19  
	239			LR				854			-92			504				19  
	240			LL				668			279			361				20  
	241			RR				683			-115			529				19  
	242			LR				568			-50			462				19  
	243			RL				601			164			426				20  
	244			RL				526			229			441				20  
	245			LR				383			-133			383				19  
	246			LL				236			217			417				20  
	247			LL				783			14			373				20  
	248			LR				203			-280			360				19  
	249			LL				544			65			380				20  
