

#! index		TrOrder		TrType			CTOA		CTD			RT		KeyPressed
	0			16			LL			200			0			515				20  
	1			9			LR			200			0			577				19  
	2			6			RL			200			0			547				20  
	3			12			RR			200			0			531				19  
	4			23			LL			200			286			457				20  
	5			31			LR			200			0			425				19  
	6			3			RL			200			0			730				20  
	7			1			RR			200			-286			822				19  
	8			22			LL			400			0			561				20  
	9			19			LR			400			0			468				19  
	10			24			RL			400			0			458				20  
	11			25			RR			400			0			471				19  
	12			29			LL			400			286			469				20  
	13			4			LR			400			0			805				19  
	14			30			RL			400			0			407				20  
	15			21			RR			400			-286			562				19  
	16			27			LL			600			0			485				20  
	17			20			LR			600			0			452				19  
	18			5			RL			600			0			391				20  
	19			2			RR			600			0			514				19  
	20			26			LL			600			286			696				20  
	21			0			LR			600			0			574				19  
	22			28			RL			600			0			454				20  
	23			13			RR			600			-286			452				19  
	24			18			LL			800			0			467				20  
	25			11			LR			800			0			314				19  
	26			10			RL			800			0			375				20  
	27			15			RR			800			0			468				19  
	28			14			LL			800			286			466				20  
	29			8			LR			800			0			377				19  
	30			7			RL			800			0			342				20  
	31			17			RR			800			-286			436				19  
	32			35			LL			200			0			394				20  
	33			43			LL			200			0			578				20  
	34			103			LL			200			0			426				20  
	35			114			LL			200			0			455				20  
	36			111			LR			200			0			395				19  
	37			75			LR			200			0			500				19  
	38			51			LR			200			0			455				19  
	39			89			LR			200			0			363				19  
	40			107			RL			200			0			533				20  
	41			55			RL			200			0			393				20  
	42			155			RL			200			0			870				20  
	43			115			RL			200			0			515				20  
	44			100			RR			200			0			456				19  
	45			61			RR			200			0			486				19  
	46			37			RR			200			0			424				19  
	47			147			RR			200			0			424				19  
	48			82			LL			200			286			486				20  
	49			136			LL			200			286			456				20  
	50			33			LL			200			286			515				20  
	51			105			LL			200			286			515				20  
	52			88			LR			200			0			457				19  
	53			102			LR			200			0			487				19  
	54			84			LR			200			0			363				19  
	55			120			LR			200			0			455				19  
	56			132			RL			200			0			699				20  
	57			128			RL			200			0			455				20  
	58			83			RL			200			0			363				20  
	59			44			RL			200			0			393				20  
	60			153			RR			200			-286			700				19  
	61			133			RR			200			-286			488				19  
	62			101			RR			200			-286			456				20  
	63			134			RR			200			-286			727				19  
	64			97			LL			400			0			623				20  
	65			109			LL			400			0			774				20  
	66			157			LL			400			0			776				20  
	67			52			LL			400			0			500				20  
	68			49			LR			400			0			378				19  
	69			59			LR			400			0			471				19  
	70			90			LR			400			0			392				19  
	71			36			LR			400			0			431				19  
	72			142			RL			400			0			500				20  
	73			67			RL			400			0			471				20  
	74			70			RL			400			0			439				20  
	75			158			RL			400			0			551				20  
	76			131			RR			400			0			502				19  
	77			57			RR			400			0			561				19  
	78			71			RR			400			0			622				19  
	79			53			RR			400			0			470				19  
	80			45			LL			400			286			439				20  
	81			127			LL			400			286			409				20  
	82			64			LL			400			286			500				20  
	83			85			LL			400			286			593				20  
	84			117			LR			400			0			421				19  
	85			77			LR			400			0			440				19  
	86			47			LR			400			0			440				19  
	87			81			LR			400			0			408				19  
	88			60			RL			400			0			316				20  
	89			79			RL			400			0			408				20  
	90			65			RL			400			0			409				20  
	91			135			RL			400			0			500				20  
	92			123			RR			400			-286			408				19  
	93			110			RR			400			-286			365				19  
	94			149			RR			400			-286			500				19  
	95			106			RR			400			-286			469				19  
	96			159			LL			600			0			446				20  
	97			126			LL			600			0			421				20  
	98			39			LL			600			0			424				20  
	99			144			LL			600			0			637				20  
	100			156			LR			600			0			2196				19  
	101			62			LR			600			0			451				19  
	102			46			LR			600			0			424				19  
	103			121			LR			600			0			424				19  
	104			32			RL			600			0			330				20  
	105			68			RL			600			0			422				20  
	106			152			RL			600			0			942				20  
	107			145			RL			600			0			730				20  
	108			118			RR			600			0			452				19  
	109			99			RR			600			0			484				19  
	110			113			RR			600			0			422				19  
	111			63			RR			600			0			485				19  
	112			69			LL			600			286			486				20  
	113			98			LL			600			286			454				20  
	114			41			LL			600			286			690				20  
	115			150			LL			600			286			423				20  
	116			122			LR			600			0			424				19  
	117			140			LR			600			0			515				19  
	118			96			LR			600			0			423				19  
	119			38			LR			600			0			394				19  
	120			54			RL			600			0			393				20  
	121			34			RL			600			0			364				20  
	122			95			RL			600			0			423				20  
	123			119			RL			600			0			395				20  
	124			66			RR			600			-286			560				19  
	125			94			RR			600			-286			392				19  
	126			143			RR			600			-286			483				19  
	127			112			RR			600			-286			378				19  
	128			56			LL			800			0			437				20  
	129			130			LL			800			0			437				20  
	130			108			LL			800			0			437				20  
	131			42			LL			800			0			437				20  
	132			154			LR			800			0			589				19  
	133			48			LR			800			0			374				19  
	134			58			LR			800			0			438				19  
	135			116			LR			800			0			439				19  
	136			137			RL			800			0			509				20  
	137			139			RL			800			0			498				20  
	138			146			RL			800			0			560				20  
	139			148			RL			800			0			621				20  
	140			72			RR			800			0			466				19  
	141			141			RR			800			0			529				19  
	142			129			RR			800			0			499				19  
	143			76			RR			800			0			498				19  
	144			86			LL			800			286			374				20  
	145			125			LL			800			286			407				20  
	146			40			LL			800			286			394				20  
	147			50			LL			800			286			578				20  
	148			73			LR			800			0			407				19  
	149			151			LR			800			0			711				19  
	150			104			LR			800			0			405				19  
	151			93			LR			800			0			407				19  
	152			124			RL			800			0			468				20  
	153			80			RL			800			0			407				20  
	154			87			RL			800			0			346				20  
	155			74			RL			800			0			343				20  
	156			138			RR			800			-286			499				19  
	157			78			RR			800			-286			435				19  
	158			91			RR			800			-286			437				19  
	159			92			RR			800			-286			407				19  
