

#! index		TrOrder		TrType			CTOA		CTD			RT		KeyPressed
	0			29			LL			200			0			429				20  
	1			9			LR			200			0			428				19  
	2			20			RL			200			0			428				20  
	3			17			RR			200			0			429				19  
	4			11			LL			200			286			583				20  
	5			16			LR			200			0			353				19  
	6			0			RL			200			0			1222				19  
	7			12			RR			200			-286			520				19  
	8			13			LL			400			0			415				20  
	9			1			LR			400			0			446				19  
	10			24			RL			400			0			353				20  
	11			8			RR			400			0			507				19  
	12			15			LL			400			286			322				20  
	13			18			LR			400			0			321				19  
	14			25			RL			400			0			412				20  
	15			19			RR			400			-286			323				19  
	16			26			LL			600			0			518				20  
	17			22			LR			600			0			336				19  
	18			5			RL			600			0			428				20  
	19			23			RR			600			0			429				19  
	20			30			LL			600			286			397				20  
	21			27			LR			600			0			333				19  
	22			21			RL			600			0			337				20  
	23			3			RR			600			-286			764				19  
	24			14			LL			800			0			472				20  
	25			31			LR			800			0			379				19  
	26			4			RL			800			0			625				20  
	27			2			RR			800			0			412				19  
	28			7			LL			800			286			364				20  
	29			6			LR			800			0			382				19  
	30			10			RL			800			0			351				20  
	31			28			RR			800			-286			413				19  
	32			44			LL			200			0			428				20  
	33			102			LL			200			0			406				20  
	34			104			LL			200			0			398				20  
	35			87			LL			200			0			458				20  
	36			67			LR			200			0			337				19  
	37			128			LR			200			0			398				19  
	38			135			LR			200			0			461				19  
	39			109			LR			200			0			398				19  
	40			149			RL			200			0			456				20  
	41			152			RL			200			0			427				20  
	42			125			RL			200			0			429				20  
	43			110			RL			200			0			478				20  
	44			63			RR			200			0			460				19  
	45			77			RR			200			0			360				19  
	46			95			RR			200			0			551				19  
	47			38			RR			200			0			521				19  
	48			81			LL			200			286			383				20  
	49			107			LL			200			286			367				20  
	50			76			LL			200			286			459				20  
	51			121			LL			200			286			489				20  
	52			74			LR			200			0			366				19  
	53			66			LR			200			0			399				19  
	54			106			LR			200			0			398				19  
	55			98			LR			200			0			520				19  
	56			48			RL			200			0			397				20  
	57			43			RL			200			0			429				20  
	58			37			RL			200			0			214				19  
	59			116			RL			200			0			438				20  
	60			65			RR			200			-286			368				19  
	61			72			RR			200			-286			338				19  
	62			108			RR			200			-286			336				19  
	63			32			RR			200			-286			398				19  
	64			140			LL			400			0			566				20  
	65			57			LL			400			0			278				19  
	66			148			LL			400			0			394				20  
	67			134			LL			400			0			445				20  
	68			84			LR			400			0			383				19  
	69			82			LR			400			0			413				19  
	70			56			LR			400			0			352				19  
	71			158			LR			400			0			535				19  
	72			85			RL			400			0			383				20  
	73			156			RL			400			0			474				20  
	74			119			RL			400			0			354				20  
	75			99			RL			400			0			321				20  
	76			114			RR			400			0			414				19  
	77			142			RR			400			0			383				19  
	78			51			RR			400			0			369				19  
	79			70			RR			400			0			353				19  
	80			154			LL			400			286			352				20  
	81			64			LL			400			286			352				20  
	82			68			LL			400			286			352				20  
	83			59			LL			400			286			414				20  
	84			100			LR			400			0			383				19  
	85			86			LR			400			0			354				19  
	86			40			LR			400			0			627				19  
	87			75			LR			400			0			322				19  
	88			133			RL			400			0			411				20  
	89			159			RL			400			0			446				20  
	90			124			RL			400			0			1015				20  
	91			90			RL			400			0			383				20  
	92			55			RR			400			-286			411				19  
	93			145			RR			400			-286			383				19  
	94			155			RR			400			-286			322				19  
	95			60			RR			400			-286			412				19  
	96			79			LL			600			0			427				20  
	97			42			LL			600			0			395				20  
	98			69			LL			600			0			397				20  
	99			41			LL			600			0			608				20  
	100			80			LR			600			0			368				19  
	101			111			LR			600			0			369				19  
	102			139			LR			600			0			428				19  
	103			144			LR			600			0			337				19  
	104			39			RL			600			0			978				20  
	105			54			RL			600			0			398				20  
	106			91			RL			600			0			356				20  
	107			93			RL			600			0			367				20  
	108			62			RR			600			0			402				19  
	109			58			RR			600			0			518				19  
	110			130			RR			600			0			547				19  
	111			126			RR			600			0			392				19  
	112			92			LL			600			286			397				20  
	113			88			LL			600			286			429				20  
	114			141			LL			600			286			428				20  
	115			47			LL			600			286			428				20  
	116			112			LR			600			0			367				19  
	117			151			LR			600			0			337				19  
	118			113			LR			600			0			397				19  
	119			71			LR			600			0			334				19  
	120			78			RL			600			0			397				20  
	121			143			RL			600			0			400				20  
	122			105			RL			600			0			428				20  
	123			122			RL			600			0			304				20  
	124			153			RR			600			-286			398				19  
	125			35			RR			600			-286			336				19  
	126			52			RR			600			-286			368				19  
	127			36			RR			600			-286			429				19  
	128			147			LL			800			0			411				20  
	129			50			LL			800			0			411				20  
	130			103			LL			800			0			442				20  
	131			132			LL			800			0			379				20  
	132			120			LR			800			0			341				19  
	133			53			LR			800			0			319				19  
	134			157			LR			800			0			428				19  
	135			45			LR			800			0			319				19  
	136			61			RL			800			0			473				20  
	137			131			RL			800			0			382				20  
	138			118			RL			800			0			438				20  
	139			33			RL			800			0			413				20  
	140			49			RR			800			0			429				19  
	141			89			RR			800			0			433				19  
	142			129			RR			800			0			413				19  
	143			97			RR			800			0			414				19  
	144			83			LL			800			286			472				20  
	145			123			LL			800			286			380				20  
	146			138			LL			800			286			382				20  
	147			115			LL			800			286			403				20  
	148			127			LR			800			0			348				19  
	149			150			LR			800			0			314				19  
	150			73			LR			800			0			289				19  
	151			94			LR			800			0			438				19  
	152			146			RL			800			0			349				20  
	153			117			RL			800			0			440				20  
	154			96			RL			800			0			320				20  
	155			136			RL			800			0			383				20  
	156			46			RR			800			-286			626				19  
	157			137			RR			800			-286			470				19  
	158			101			RR			800			-286			473				19  
	159			34			RR			800			-286			439				19  
