

#! index		TrOrder		TrType			CTOA		CTD			RT		KeyPressed
	0			4			LL			200			0			417				20  
	1			2			LR			200			0			511				19  
	2			10			RL			200			0			420				20  
	3			30			RR			200			0			450				19  
	4			17			LL			200			286			405				20  
	5			8			LR			200			0			384				19  
	6			3			RL			200			0			419				20  
	7			1			RR			200			-286			691				20  
	8			14			LL			400			0			404				20  
	9			27			LR			400			0			345				19  
	10			31			RL			400			0			314				20  
	11			7			RR			400			0			404				19  
	12			0			LL			400			286			3645				19  
	13			16			LR			400			0			374				19  
	14			23			RL			400			0			375				20  
	15			15			RR			400			-286			343				19  
	16			5			LL			600			0			386				20  
	17			29			LR			600			0			356				19  
	18			24			RL			600			0			347				20  
	19			9			RR			600			0			556				19  
	20			18			LL			600			286			389				20  
	21			11			LR			600			0			327				19  
	22			12			RL			600			0			384				20  
	23			26			RR			600			-286			482				19  
	24			21			LL			800			0			363				20  
	25			25			LR			800			0			369				19  
	26			6			RL			800			0			340				20  
	27			19			RR			800			0			402				19  
	28			20			LL			800			286			342				20  
	29			28			LR			800			0			367				19  
	30			22			RL			800			0			339				20  
	31			13			RR			800			-286			339				19  
	32			152			LL			200			0			418				20  
	33			78			LL			200			0			449				20  
	34			44			LL			200			0			451				20  
	35			116			LL			200			0			448				20  
	36			59			LR			200			0			388				19  
	37			39			LR			200			0			420				19  
	38			119			LR			200			0			432				19  
	39			35			LR			200			0			417				19  
	40			154			RL			200			0			479				20  
	41			135			RL			200			0			359				20  
	42			107			RL			200			0			449				20  
	43			145			RL			200			0			421				20  
	44			105			RR			200			0			416				19  
	45			137			RR			200			0			452				19  
	46			149			RR			200			0			389				19  
	47			42			RR			200			0			482				19  
	48			94			LL			200			286			449				20  
	49			129			LL			200			286			391				20  
	50			54			LL			200			286			328				20  
	51			134			LL			200			286			385				20  
	52			102			LR			200			0			359				19  
	53			156			LR			200			0			388				19  
	54			136			LR			200			0			358				19  
	55			63			LR			200			0			390				19  
	56			127			RL			200			0			387				20  
	57			95			RL			200			0			388				20  
	58			46			RL			200			0			387				20  
	59			140			RL			200			0			418				20  
	60			106			RR			200			-286			359				19  
	61			141			RR			200			-286			421				19  
	62			70			RR			200			-286			390				19  
	63			148			RR			200			-286			448				19  
	64			121			LL			400			0			425				20  
	65			55			LL			400			0			394				20  
	66			93			LL			400			0			376				20  
	67			98			LL			400			0			463				20  
	68			45			LR			400			0			342				19  
	69			86			LR			400			0			314				19  
	70			139			LR			400			0			314				19  
	71			56			LR			400			0			341				19  
	72			34			RL			400			0			373				20  
	73			111			RL			400			0			406				20  
	74			53			RL			400			0			346				20  
	75			100			RL			400			0			362				20  
	76			43			RR			400			0			344				19  
	77			66			RR			400			0			330				19  
	78			109			RR			400			0			403				19  
	79			103			RR			400			0			436				19  
	80			84			LL			400			286			375				20  
	81			91			LL			400			286			403				20  
	82			125			LL			400			286			344				20  
	83			122			LL			400			286			404				20  
	84			128			LR			400			0			313				19  
	85			130			LR			400			0			311				19  
	86			132			LR			400			0			312				19  
	87			51			LR			400			0			343				19  
	88			33			RL			400			0			404				20  
	89			41			RL			400			0			360				20  
	90			79			RL			400			0			343				20  
	91			76			RL			400			0			312				20  
	92			133			RR			400			-286			497				19  
	93			38			RR			400			-286			464				19  
	94			64			RR			400			-286			328				19  
	95			52			RR			400			-286			554				19  
	96			72			LL			600			0			359				20  
	97			65			LL			600			0			423				20  
	98			68			LL			600			0			447				20  
	99			124			LL			600			0			572				20  
	100			157			LR			600			0			374				19  
	101			89			LR			600			0			355				19  
	102			80			LR			600			0			355				19  
	103			146			LR			600			0			419				19  
	104			144			RL			600			0			357				20  
	105			71			RL			600			0			383				20  
	106			85			RL			600			0			355				20  
	107			82			RL			600			0			359				20  
	108			158			RR			600			0			358				19  
	109			40			RR			600			0			419				19  
	110			143			RR			600			0			348				19  
	111			113			RR			600			0			387				19  
	112			69			LL			600			286			358				20  
	113			110			LL			600			286			371				20  
	114			131			LL			600			286			389				20  
	115			97			LL			600			286			471				20  
	116			117			LR			600			0			326				19  
	117			47			LR			600			0			325				19  
	118			101			LR			600			0			324				19  
	119			75			LR			600			0			358				19  
	120			147			RL			600			0			385				20  
	121			108			RL			600			0			354				20  
	122			73			RL			600			0			356				20  
	123			74			RL			600			0			328				20  
	124			83			RR			600			-286			356				19  
	125			96			RR			600			-286			372				19  
	126			32			RR			600			-286			357				19  
	127			37			RR			600			-286			387				19  
	128			50			LL			800			0			403				20  
	129			58			LL			800			0			371				20  
	130			87			LL			800			0			432				20  
	131			104			LL			800			0			400				20  
	132			115			LR			800			0			280				19  
	133			138			LR			800			0			370				19  
	134			112			LR			800			0			372				19  
	135			67			LR			800			0			344				19  
	136			155			RL			800			0			400				20  
	137			120			RL			800			0			494				20  
	138			99			RL			800			0			398				20  
	139			151			RL			800			0			520				20  
	140			142			RR			800			0			372				19  
	141			81			RR			800			0			461				19  
	142			118			RR			800			0			373				19  
	143			88			RR			800			0			434				19  
	144			60			LL			800			286			402				20  
	145			57			LL			800			286			307				20  
	146			123			LL			800			286			402				20  
	147			77			LL			800			286			373				20  
	148			62			LR			800			0			310				19  
	149			48			LR			800			0			404				19  
	150			61			LR			800			0			553				19  
	151			92			LR			800			0			371				19  
	152			90			RL			800			0			373				20  
	153			49			RL			800			0			371				20  
	154			126			RL			800			0			433				20  
	155			114			RL			800			0			402				20  
	156			150			RR			800			-286			679				19  
	157			36			RR			800			-286			402				19  
	158			153			RR			800			-286			341				19  
	159			159			RR			800			-286			312				19  
