

#! index		TrOrder		TrType			CTOA		CTD			RT		KeyPressed
	0			21			LL			200			0			378				20  
	1			10			LR			200			0			348				19  
	2			18			RL			200			0			348				20  
	3			22			RR			200			0			408				19  
	4			30			LL			200			286			374				20  
	5			9			LR			200			0			350				19  
	6			16			RL			200			0			349				20  
	7			29			RR			200			-286			348				19  
	8			28			LL			400			0			364				20  
	9			17			LR			400			0			394				19  
	10			13			RL			400			0			302				20  
	11			20			RR			400			0			365				19  
	12			27			LL			400			286			395				20  
	13			8			LR			400			0			394				19  
	14			0			RL			400			0			28				19  
	15			26			RR			400			-286			302				19  
	16			11			LL			600			0			408				20  
	17			7			LR			600			0			378				19  
	18			6			RL			600			0			454				20  
	19			5			RR			600			0			484				19  
	20			2			LL			600			286			439				20  
	21			25			LR			600			0			283				19  
	22			12			RL			600			0			285				20  
	23			24			RR			600			-286			347				19  
	24			15			LL			800			0			363				20  
	25			3			LR			800			0			361				19  
	26			1			RL			800			0			361				20  
	27			19			RR			800			0			361				19  
	28			14			LL			800			286			331				20  
	29			23			LR			800			0			360				19  
	30			31			RL			800			0			331				20  
	31			4			RR			800			-286			545				19  
	32			48			LL			200			0			319				20  
	33			138			LL			200			0			379				20  
	34			68			LL			200			0			317				20  
	35			62			LL			200			0			396				20  
	36			132			LR			200			0			378				19  
	37			47			LR			200			0			471				19  
	38			98			LR			200			0			378				19  
	39			108			LR			200			0			469				19  
	40			133			RL			200			0			410				20  
	41			150			RL			200			0			410				20  
	42			67			RL			200			0			348				20  
	43			115			RL			200			0			404				20  
	44			45			RR			200			0			363				19  
	45			64			RR			200			0			440				19  
	46			66			RR			200			0			377				19  
	47			107			RR			200			0			408				19  
	48			93			LL			200			286			409				20  
	49			105			LL			200			286			379				19  
	50			52			LL			200			286			378				20  
	51			44			LL			200			286			349				20  
	52			77			LR			200			0			378				19  
	53			53			LR			200			0			355				19  
	54			153			LR			200			0			408				19  
	55			144			LR			200			0			441				19  
	56			120			RL			200			0			409				20  
	57			33			RL			200			0			438				20  
	58			83			RL			200			0			347				20  
	59			95			RL			200			0			409				20  
	60			71			RR			200			-286			350				19  
	61			143			RR			200			-286			346				19  
	62			79			RR			200			-286			378				19  
	63			32			RR			200			-286			377				19  
	64			92			LL			400			0			394				20  
	65			159			LL			400			0			334				20  
	66			63			LL			400			0			322				20  
	67			75			LL			400			0			393				20  
	68			157			LR			400			0			360				19  
	69			121			LR			400			0			384				19  
	70			50			LR			400			0			380				19  
	71			39			LR			400			0			333				20  
	72			104			RL			400			0			334				20  
	73			56			RL			400			0			362				20  
	74			97			RL			400			0			395				20  
	75			112			RL			400			0			364				20  
	76			137			RR			400			0			334				19  
	77			36			RR			400			0			333				19  
	78			73			RR			400			0			333				19  
	79			130			RR			400			0			487				19  
	80			149			LL			400			286			303				20  
	81			148			LL			400			286			516				20  
	82			86			LL			400			286			394				20  
	83			109			LL			400			286			394				20  
	84			117			LR			400			0			364				19  
	85			70			LR			400			0			148				20  
	86			100			LR			400			0			334				19  
	87			110			LR			400			0			415				19  
	88			152			RL			400			0			304				20  
	89			142			RL			400			0			486				20  
	90			139			RL			400			0			364				20  
	91			131			RL			400			0			364				20  
	92			101			RR			400			-286			395				19  
	93			46			RR			400			-286			333				19  
	94			114			RR			400			-286			516				19  
	95			103			RR			400			-286			303				19  
	96			35			LL			600			0			344				20  
	97			116			LL			600			0			348				20  
	98			128			LL			600			0			408				20  
	99			126			LL			600			0			549				20  
	100			76			LR			600			0			318				19  
	101			82			LR			600			0			286				19  
	102			42			LR			600			0			469				19  
	103			111			LR			600			0			393				19  
	104			34			RL			600			0			336				20  
	105			40			RL			600			0			469				20  
	106			94			RL			600			0			501				20  
	107			51			RL			600			0			317				20  
	108			102			RR			600			0			470				19  
	109			118			RR			600			0			408				19  
	110			122			RR			600			0			593				19  
	111			141			RR			600			0			348				19  
	112			89			LL			600			286			347				20  
	113			58			LL			600			286			317				20  
	114			91			LL			600			286			379				20  
	115			43			LL			600			286			438				20  
	116			69			LR			600			0			349				19  
	117			85			LR			600			0			409				19  
	118			41			LR			600			0			317				19  
	119			49			LR			600			0			316				19  
	120			156			RL			600			0			408				20  
	121			54			RL			600			0			347				20  
	122			72			RL			600			0			437				20  
	123			145			RL			600			0			347				20  
	124			96			RR			600			-286			652				19  
	125			80			RR			600			-286			409				19  
	126			87			RR			600			-286			465				19  
	127			136			RR			600			-286			347				19  
	128			158			LL			800			0			360				20  
	129			60			LL			800			0			301				20  
	130			38			LL			800			0			332				20  
	131			155			LL			800			0			391				20  
	132			125			LR			800			0			360				19  
	133			135			LR			800			0			362				19  
	134			124			LR			800			0			515				19  
	135			123			LR			800			0			361				19  
	136			37			RL			800			0			330				20  
	137			106			RL			800			0			440				20  
	138			140			RL			800			0			360				20  
	139			151			RL			800			0			302				20  
	140			134			RR			800			0			330				19  
	141			127			RR			800			0			391				19  
	142			59			RR			800			0			360				19  
	143			57			RR			800			0			332				19  
	144			88			LL			800			286			362				20  
	145			90			LL			800			286			380				20  
	146			61			LL			800			286			392				20  
	147			55			LL			800			286			360				20  
	148			119			LR			800			0			376				19  
	149			84			LR			800			0			392				19  
	150			147			LR			800			0			330				19  
	151			154			LR			800			0			300				19  
	152			74			RL			800			0			393				20  
	153			99			RL			800			0			377				20  
	154			113			RL			800			0			302				20  
	155			81			RL			800			0			331				20  
	156			65			RR			800			-286			745				19  
	157			146			RR			800			-286			330				19  
	158			129			RR			800			-286			332				19  
	159			78			RR			800			-286			452				19  
