

#! index		TrType			CTOA		CTD			RT		KeyPressed
	0			RR				541			-27			550				19  
	1			LL				221			154			472				20  
	2			RR				779			-239			493				19  
	3			RL				646			148			439				20  
	4			RL				214			87			396				20  
	5			LR				712			-114			380				19  
	6			RL				258			31			433				20  
	7			RR				226			-283			438				19  
	8			RR				749			-204			402				19  
	9			LR				201			-3			428				19  
	10			RR				366			-243			539				19  
	11			RR				442			-246			413				19  
	12			RL				874			190			451				20  
	13			LL				743			53			559				20  
	14			LL				358			237			355				20  
	15			RR				604			-63			290				19  
	16			RR				923			-215			307				19  
	17			RR				210			-194			364				19  
	18			RL				203			156			671				20  
	19			RL				776			261			344				20  
	20			RR				785			-201			411				19  
	21			LL				665			150			436				20  
	22			RR				555			-19			351				19  
	23			RL				287			48			447				20  
	24			RR				436			-82			359				19  
	25			LR				300			-13			374				19  
	26			LL				476			252			486				20  
	27			LL				280			213			321				20  
	28			LL				823			86			329				20  
	29			RR				461			-245			316				19  
	30			RL				392			177			347				20  
	31			LL				956			196			405				20  
	32			RL				576			170			402				20  
	33			RR				630			-53			308				20  
	34			LL				766			278			413				20  
	35			LL				997			75			400				20  
	36			RL				236			132			425				20  
	37			RL				941			192			485				20  
	38			LR				739			-253			529				19  
	39			RR				980			-235			447				19  
	40			LL				866			140			437				20  
	41			RR				562			-211			375				19  
	42			LR				312			-124			406				19  
	43			RR				789			-68			344				19  
	44			RL				937			96			425				20  
	45			RL				915			161			359				20  
	46			RL				328			38			395				20  
	47			RL				698			230			413				20  
	48			LR				436			-73			410				19  
	49			LR				346			-10			558				19  
	50			LL				204			15			458				20  
	51			RL				597			5			311				20  
	52			RL				389			129			315				20  
	53			LR				737			-121			535				19  
	54			LR				929			-30			285				19  
	55			LR				400			-224			336				19  
	56			LR				851			-145			559				19  
	57			LL				959			44			403				20  
	58			LR				804			-137			315				19  
	59			RL				210			223			427				20  
	60			RL				238			261			453				20  
	61			LL				281			143			443				20  
	62			LR				295			-65			348				19  
	63			RR				657			-197			434				19  
	64			RR				999			-22			397				19  
	65			LL				285			102			438				20  
	66			RR				913			-228			514				19  
	67			RR				519			-245			417				19  
	68			RL				644			62			335				20  
	69			RL				229			217			409				20  
	70			RL				854			87			329				20  
	71			RR				787			-99			453				19  
	72			RR				388			-179			449				19  
	73			LR				571			-166			366				19  
	74			LR				325			-127			336				19  
	75			RL				387			159			397				20  
	76			LR				673			-139			311				19  
	77			RR				510			-104			396				19  
	78			LR				398			-285			293				19  
	79			LR				573			-184			314				19  
	80			LR				380			-97			434				19  
	81			LL				625			38			463				20  
	82			LR				904			-14			309				19  
	83			RL				607			153			284				20  
	84			RR				271			-6			383				19  
	85			LL				627			176			457				20  
	86			RL				274			29			119				19  
	87			LL				664			281			411				20  
	88			LR				956			-121			327				19  
	89			RR				955			-257			436				19  
	90			LL				672			55			478				20  
	91			RL				943			63			300				20  
	92			LR				252			-139			458				19  
	93			RR				292			-62			442				19  
	94			LL				722			29			409				20  
	95			RL				742			64			406				20  
	96			RL				436			267			389				20  
	97			LR				517			-10			328				19  
	98			LL				505			110			416				20  
	99			LL				845			57			395				20  
	100			RL				765			69			388				20  
	101			RL				920			233			506				20  
	102			RL				299			77			333				20  
	103			RR				690			-67			461				19  
	104			RL				864			81			390				20  
	105			LL				948			249			383				20  
	106			LR				327			-157			427				19  
	107			RR				277			-232			336				19  
	108			LR				306			-4			374				19  
	109			LL				615			47			444				20  
	110			RR				777			-258			405				19  
	111			RL				973			164			392				20  
	112			RR				827			-88			387				19  
	113			LR				244			-45			397				19  
	114			LL				432			189			338				20  
	115			LL				661			241			368				20  
	116			LR				559			-92			422				19  
	117			LR				201			-56			442				19  
	118			RL				850			130			268				20  
	119			LL				863			148			348				20  
	120			RR				996			-82			337				19  
	121			RR				920			-274			352				19  
	122			RL				580			215			356				20  
	123			RL				828			46			323				20  
	124			RR				956			-115			348				19  
	125			LR				687			-165			281				19  
	126			RR				563			-261			372				19  
	127			RR				822			-98			387				19  
	128			RL				981			260			383				20  
	129			RL				545			284			319				20  
	130			RL				960			229			274				20  
	131			LR				390			-164			315				19  
	132			RR				357			-38			411				19  
	133			RL				961			213			281				20  
	134			RL				292			186			339				20  
	135			LR				615			-37			378				19  
	136			RL				278			17			354				20  
	137			RL				209			283			378				20  
	138			LR				485			-210			328				19  
	139			RR				413			-88			443				19  
	140			RR				409			-251			406				19  
	141			LL				251			99			439				20  
	142			LR				712			-83			313				19  
	143			LR				819			-6			378				19  
	144			LR				617			-199			291				19  
	145			RR				337			-281			415				19  
	146			RR				442			-206			322				19  
	147			LL				490			68			443				20  
	148			LR				483			-209			311				19  
	149			RL				273			188			449				20  
	150			RR				521			-152			376				19  
	151			RR				424			-185			451				19  
	152			RL				703			274			538				20  
	153			LR				937			-63			355				19  
	154			RR				956			-172			576				19  
	155			LL				715			143			476				20  
	156			LR				701			-142			328				19  
	157			RL				478			145			410				20  
	158			LL				670			250			419				20  
	159			LL				456			145			341				20  
	160			RL				983			114			352				20  
	161			RR				610			-102			471				19  
	162			LR				328			-273			394				19  
	163			LR				296			-94			468				19  
	164			LR				474			-64			403				19  
	165			LL				955			83			503				20  
	166			RL				557			188			442				20  
	167			RR				957			-112			376				19  
	168			RL				564			137			313				20  
	169			RR				464			-188			470				19  
	170			RR				870			-67			372				19  
	171			LR				391			-28			301				19  
	172			RL				678			167			443				20  
	173			RL				645			285			313				20  
	174			RR				909			-101			395				19  
	175			RR				289			-101			434				19  
	176			LR				522			-280			324				19  
	177			LR				251			-273			391				19  
	178			RR				565			-148			311				19  
	179			LL				948			114			528				20  
	180			RR				675			-75			428				19  
	181			LL				865			183			352				19  
	182			RR				943			-50			402				19  
	183			LR				613			-238			367				19  
	184			LL				611			238			416				20  
	185			LR				895			-222			349				19  
	186			RR				378			-48			447				19  
	187			RR				363			-145			41				19  
	188			LR				328			-86			308				19  
	189			LL				743			122			470				20  
	190			RR				264			-111			356				19  
	191			RL				476			169			472				20  
	192			RL				988			113			376				20  
	193			LL				329			215			424				20  
	194			RL				997			285			339				20  
	195			LR				863			-101			316				19  
	196			RL				686			33			323				20  
	197			RR				821			-269			515				19  
	198			LL				428			64			402				20  
	199			RL				669			126			289				20  
	200			RR				211			-72			532				19  
	201			LL				524			256			412				20  
	202			LL				999			135			335				20  
	203			LR				515			-160			332				19  
	204			LR				318			-48			373				19  
	205			LL				316			183			438				20  
	206			RR				601			-97			428				19  
	207			RL				694			70			371				20  
	208			RR				648			-88			412				19  
	209			LR				827			-14			342				19  
	210			LR				381			-250			353				19  
	211			RR				584			-13			445				19  
	212			RR				503			-57			404				19  
	213			LL				881			148			635				20  
	214			LR				531			-237			313				19  
	215			RL				666			278			356				20  
	216			LL				380			207			382				20  
	217			RL				654			73			497				20  
	218			LL				849			19			284				20  
	219			RR				297			-134			334				19  
	220			LL				339			253			452				20  
	221			RL				240			202			361				20  
	222			LL				277			151			448				20  
	223			RR				438			-213			490				19  
	224			LR				852			-31			431				19  
	225			RR				717			-177			471				19  
	226			LL				697			180			364				20  
	227			RL				478			74			426				20  
	228			RL				683			128			297				20  
	229			RL				738			121			260				20  
	230			RR				315			-178			439				19  
	231			RR				225			-87			474				19  
	232			RR				792			-104			422				19  
	233			LR				417			-78			367				19  
	234			LL				214			172			611				20  
	235			RL				302			145			343				20  
	236			LR				797			-184			536				19  
	237			RL				502			98			309				20  
	238			LR				709			-245			290				19  
	239			RR				269			-141			454				19  
	240			LL				607			87			465				20  
	241			LL				306			46			412				20  
	242			RR				549			-34			124				20  
	243			LL				841			107			368				20  
	244			LL				262			127			368				20  
	245			LR				743			-46			395				19  
	246			LL				351			142			400				20  
	247			LR				866			-53			528				19  
	248			LL				343			137			472				20  
	249			LL				230			127			369				20  
