

#! index		TrOrder		TrType			CTOA		CTD			RT		KeyPressed
	0			22			LL			200			0			471				20  
	1			28			LR			200			0			391				19  
	2			2			RL			200			0			353				20  
	3			24			RR			200			0			515				19  
	4			31			LL			200			286			454				20  
	5			29			LR			200			0			425				19  
	6			20			RL			200			0			453				20  
	7			16			RR			200			-286			531				19  
	8			19			LL			400			0			377				20  
	9			25			LR			400			0			406				19  
	10			30			RL			400			0			376				20  
	11			10			RR			400			0			775				19  
	12			3			LL			400			286			529				20  
	13			7			LR			400			0			455				19  
	14			1			RL			400			0			375				20  
	15			4			RR			400			-286			437				19  
	16			15			LL			600			0			544				20  
	17			5			LR			600			0			452				19  
	18			9			RL			600			0			480				20  
	19			18			RR			600			0			389				19  
	20			6			LL			600			286			511				20  
	21			11			LR			600			0			512				19  
	22			17			RL			600			0			481				20  
	23			13			RR			600			-286			359				19  
	24			26			LL			800			0			345				20  
	25			21			LR			800			0			467				19  
	26			23			RL			800			0			372				20  
	27			8			RR			800			0			557				19  
	28			12			LL			800			286			648				20  
	29			27			LR			800			0			434				19  
	30			0			RL			800			0			496				19  
	31			14			RR			800			-286			419				19  
	32			86			LL			200			0			423				20  
	33			106			LL			200			0			391				20  
	34			77			LL			200			0			423				20  
	35			53			LR			200			0			455				19  
	36			59			LR			200			0			382				19  
	37			125			LR			200			0			392				19  
	38			58			RL			200			0			423				20  
	39			43			RL			200			0			353				20  
	40			36			RL			200			0			393				20  
	41			75			RR			200			0			453				19  
	42			78			RR			200			0			425				19  
	43			52			RR			200			0			455				19  
	44			68			LL			200			286			392				20  
	45			105			LL			200			286			379				20  
	46			67			LL			200			286			393				20  
	47			34			LR			200			0			393				19  
	48			126			LR			200			0			393				19  
	49			109			LR			200			0			424				19  
	50			127			RL			200			0			361				20  
	51			76			RL			200			0			455				20  
	52			117			RL			200			0			394				20  
	53			64			RR			200			-286			544				19  
	54			49			RR			200			-286			393				19  
	55			116			RR			200			-286			392				19  
	56			66			LL			400			0			421				20  
	57			87			LL			400			0			407				20  
	58			63			LL			400			0			407				20  
	59			99			LR			400			0			315				19  
	60			98			LR			400			0			315				19  
	61			70			LR			400			0			436				19  
	62			62			RL			400			0			374				20  
	63			97			RL			400			0			344				20  
	64			114			RL			400			0			344				20  
	65			115			RR			400			0			407				19  
	66			121			RR			400			0			406				19  
	67			69			RR			400			0			362				19  
	68			90			LL			400			286			437				20  
	69			113			LL			400			286			377				20  
	70			71			LL			400			286			306				20  
	71			124			LR			400			0			408				19  
	72			112			LR			400			0			252				19  
	73			61			LR			400			0			377				19  
	74			100			RL			400			0			377				20  
	75			96			RL			400			0			315				20  
	76			107			RL			400			0			315				20  
	77			46			RR			400			-286			407				19  
	78			38			RR			400			-286			407				19  
	79			118			RR			400			-286			405				19  
	80			103			LL			600			0			360				20  
	81			35			LL			600			0			452				20  
	82			42			LL			600			0			511				20  
	83			56			LR			600			0			359				19  
	84			120			LR			600			0			420				19  
	85			40			LR			600			0			452				19  
	86			32			RL			600			0			358				20  
	87			93			RL			600			0			390				20  
	88			50			RL			600			0			423				20  
	89			111			RR			600			0			391				19  
	90			104			RR			600			0			297				19  
	91			37			RR			600			0			544				19  
	92			91			LL			600			286			389				20  
	93			92			LL			600			286			361				20  
	94			122			LL			600			286			420				20  
	95			108			LR			600			0			328				19  
	96			55			LR			600			0			514				19  
	97			39			LR			600			0			357				19  
	98			44			RL			600			0			328				20  
	99			72			RL			600			0			450				20  
	100			84			RL			600			0			391				20  
	101			65			RR			600			-286			391				19  
	102			73			RR			600			-286			453				19  
	103			48			RR			600			-286			452				19  
	104			119			LL			800			0			344				20  
	105			80			LL			800			0			497				20  
	106			60			LL			800			0			466				20  
	107			88			LR			800			0			435				19  
	108			33			LR			800			0			282				19  
	109			51			LR			800			0			404				19  
	110			95			RL			800			0			375				20  
	111			45			RL			800			0			375				20  
	112			94			RL			800			0			403				20  
	113			82			RR			800			0			435				19  
	114			74			RR			800			0			434				19  
	115			101			RR			800			0			342				19  
	116			41			LL			800			286			465				20  
	117			81			LL			800			286			526				20  
	118			47			LL			800			286			403				20  
	119			89			LR			800			0			432				19  
	120			123			LR			800			0			312				19  
	121			54			LR			800			0			463				19  
	122			83			RL			800			0			494				20  
	123			85			RL			800			0			312				20  
	124			57			RL			800			0			496				20  
	125			102			RR			800			-286			344				19  
	126			79			RR			800			-286			372				19  
	127			110			RR			800			-286			280				19  
