

#! index		TrOrder		TrType			CTOA		CTD			RT		KeyPressed
	0			26			LL			200			0			454				20  
	1			18			LR			200			0			333				19  
	2			11			RL			200			0			385				20  
	3			8			RR			200			0			392				19  
	4			22			LL			200			286			457				20  
	5			31			LR			200			0			361				19  
	6			9			RL			200			0			385				20  
	7			1			RR			200			-286			172				19  
	8			30			LL			400			0			462				20  
	9			13			LR			400			0			265				19  
	10			16			RL			400			0			407				20  
	11			3			RR			400			0			500				19  
	12			0			LL			400			286			2184				19  
	13			19			LR			400			0			279				19  
	14			7			RL			400			0			464				20  
	15			4			RR			400			-286			579				19  
	16			24			LL			600			0			507				20  
	17			2			LR			600			0			470				19  
	18			5			RL			600			0			389				20  
	19			27			RR			600			0			455				19  
	20			15			LL			600			286			329				20  
	21			6			LR			600			0			304				19  
	22			23			RL			600			0			509				20  
	23			12			RR			600			-286			271				19  
	24			10			LL			800			0			406				20  
	25			25			LR			800			0			344				19  
	26			17			RL			800			0			398				20  
	27			21			RR			800			0			376				19  
	28			14			LL			800			286			281				20  
	29			28			LR			800			0			282				19  
	30			29			RL			800			0			344				20  
	31			20			RR			800			-286			346				19  
	32			42			LL			200			0			476				20  
	33			123			LL			200			0			445				20  
	34			78			LL			200			0			456				20  
	35			96			LR			200			0			396				19  
	36			116			LR			200			0			397				19  
	37			69			LR			200			0			368				19  
	38			98			RL			200			0			393				20  
	39			47			RL			200			0			516				20  
	40			92			RL			200			0			387				20  
	41			104			RR			200			0			450				20  
	42			115			RR			200			0			448				19  
	43			61			RR			200			0			424				19  
	44			38			LL			200			286			448				20  
	45			74			LL			200			286			539				20  
	46			111			LL			200			286			390				20  
	47			71			LR			200			0			331				19  
	48			58			LR			200			0			388				19  
	49			83			LR			200			0			358				19  
	50			82			RL			200			0			450				20  
	51			88			RL			200			0			420				20  
	52			124			RL			200			0			425				20  
	53			93			RR			200			-286			360				19  
	54			34			RR			200			-286			521				19  
	55			46			RR			200			-286			332				19  
	56			117			LL			400			0			434				20  
	57			81			LL			400			0			375				20  
	58			109			LL			400			0			442				20  
	59			126			LR			400			0			347				19  
	60			108			LR			400			0			314				19  
	61			70			LR			400			0			285				19  
	62			60			RL			400			0			258				20  
	63			73			RL			400			0			314				20  
	64			103			RL			400			0			308				20  
	65			119			RR			400			0			407				19  
	66			63			RR			400			0			407				19  
	67			57			RR			400			0			432				19  
	68			75			LL			400			286			377				20  
	69			76			LL			400			286			437				20  
	70			94			LL			400			286			364				20  
	71			89			LR			400			0			285				19  
	72			35			LR			400			0			297				19  
	73			110			LR			400			0			341				19  
	74			85			RL			400			0			310				20  
	75			127			RL			400			0			346				20  
	76			40			RL			400			0			349				20  
	77			49			RR			400			-286			315				19  
	78			66			RR			400			-286			461				19  
	79			121			RR			400			-286			315				19  
	80			80			LL			600			0			383				20  
	81			106			LL			600			0			376				20  
	82			72			LL			600			0			415				20  
	83			84			LR			600			0			300				19  
	84			55			LR			600			0			302				19  
	85			36			LR			600			0			271				19  
	86			52			RL			600			0			360				20  
	87			97			RL			600			0			298				20  
	88			100			RL			600			0			379				20  
	89			87			RR			600			0			371				19  
	90			99			RR			600			0			361				19  
	91			56			RR			600			0			325				19  
	92			32			LL			600			286			363				20  
	93			77			LL			600			286			391				20  
	94			122			LL			600			286			512				20  
	95			65			LR			600			0			345				19  
	96			95			LR			600			0			304				19  
	97			112			LR			600			0			453				19  
	98			67			RL			600			0			380				20  
	99			37			RL			600			0			325				20  
	100			44			RL			600			0			300				20  
	101			101			RR			600			-286			484				19  
	102			113			RR			600			-286			425				19  
	103			64			RR			600			-286			455				19  
	104			68			LL			800			0			466				20  
	105			45			LL			800			0			313				20  
	106			53			LL			800			0			345				20  
	107			54			LR			800			0			311				19  
	108			125			LR			800			0			365				19  
	109			91			LR			800			0			344				19  
	110			102			RL			800			0			375				20  
	111			114			RL			800			0			317				20  
	112			62			RL			800			0			313				20  
	113			43			RR			800			0			376				19  
	114			59			RR			800			0			308				19  
	115			48			RR			800			0			308				19  
	116			107			LL			800			286			406				20  
	117			51			LL			800			286			369				20  
	118			33			LL			800			286			342				20  
	119			86			LR			800			0			316				19  
	120			118			LR			800			0			333				19  
	121			39			LR			800			0			338				19  
	122			41			RL			800			0			399				20  
	123			79			RL			800			0			315				20  
	124			120			RL			800			0			346				20  
	125			90			RR			800			-286			387				19  
	126			50			RR			800			-286			366				19  
	127			105			RR			800			-286			404				19  
