

#! index		TrType			CTOA		CTD			RT		KeyPressed
	0			RL				699			107			324				19  
	1			LL				521			223			339				20  
	2			RL				573			112			389				20  
	3			LL				315			169			401				20  
	4			RL				486			273			313				20  
	5			LL				346			84			340				20  
	6			LR				657			-144			336				19  
	7			RR				560			-56			308				19  
	8			LL				495			143			346				20  
	9			LL				322			3			395				20  
	10			RR				789			-166			295				19  
	11			LR				414			-169			334				19  
	12			LL				283			59			389				20  
	13			LR				519			-116			351				19  
	14			RL				275			5			401				20  
	15			RR				250			-70			375				19  
	16			RL				427			163			367				20  
	17			LR				731			-148			354				19  
	18			RR				250			-201			374				19  
	19			LL				551			221			350				20  
	20			LL				559			193			341				20  
	21			LR				309			-32			347				19  
	22			RL				664			49			389				20  
	23			LL				788			122			327				20  
	24			LL				433			45			345				20  
	25			LR				444			-37			304				19  
	26			RL				593			248			308				20  
	27			RL				335			59			412				20  
	28			RL				647			11			376				20  
	29			LL				469			21			369				20  
	30			RR				333			-26			354				19  
	31			RR				738			-134			316				19  
	32			RL				206			281			362				20  
	33			RL				310			9			346				20  
	34			LL				566			59			335				20  
	35			RL				661			133			291				20  
	36			LL				740			30			375				20  
	37			LR				662			-180			392				19  
	38			LL				787			68			329				20  
	39			RL				211			123			414				20  
	40			RR				256			-64			461				19  
	41			RL				312			57			374				20  
	42			RL				594			271			368				20  
	43			RR				584			-194			317				19  
	44			RL				604			228			358				20  
	45			LR				729			-92			324				19  
	46			LL				410			144			337				20  
	47			RR				474			-260			305				19  
	48			RR				251			-18			404				19  
	49			RR				395			-190			384				19  
	50			LL				655			139			307				20  
	51			LL				791			60			325				20  
	52			RR				312			-269			345				19  
	53			RL				282			246			374				20  
	54			LL				690			110			516				20  
	55			LL				568			195			354				20  
	56			LR				762			-252			321				19  
	57			RR				464			-243			314				19  
	58			RR				410			-228			277				19  
	59			LR				448			-218			299				19  
	60			LL				247			236			593				20  
	61			LL				540			21			329				20  
	62			LR				667			-280			296				19  
	63			LR				633			-150			297				19  
	64			LL				549			214			261				20  
	65			RR				782			-244			302				19  
	66			RR				593			-88			276				19  
	67			LL				522			63			318				20  
	68			RL				432			63			316				20  
	69			RR				311			-156			345				19  
	70			LL				769			180			315				20  
	71			RL				665			200			298				20  
	72			LR				710			-273			312				19  
	73			LL				698			99			294				20  
	74			RL				415			159			363				20  
	75			RL				264			109			361				20  
	76			LR				777			-41			278				19  
	77			RR				364			-99			291				19  
	78			LR				498			-257			280				19  
	79			LR				632			-248			299				19  
	80			LR				361			-262			295				19  
	81			LL				739			152			375				20  
	82			LL				559			265			342				20  
	83			RR				533			-13			430				19  
	84			LL				743			213			402				20  
	85			LR				478			-119			362				19  
	86			LR				708			-212			345				19  
	87			RL				795			173			319				20  
	88			LL				403			245			314				20  
	89			RR				344			-84			342				19  
	90			LL				266			194			391				20  
	91			RR				216			-240			300				19  
	92			RL				536			243			304				20  
	93			LL				493			199			284				20  
	94			RR				520			-256			321				19  
	95			LR				368			-59			348				19  
	96			LR				619			-137			313				19  
	97			LR				465			-8			435				19  
	98			RL				230			21			333				20  
	99			RR				745			-241			338				19  
	100			RR				321			-251			320				19  
	101			LL				729			233			265				20  
	102			RL				633			100			328				20  
	103			LL				545			126			296				20  
	104			RL				363			125			322				20  
	105			RR				302			-257			354				19  
	106			RL				427			60			320				20  
	107			LL				717			146			276				20  
	108			LL				735			43			380				20  
	109			RR				781			-9			364				19  
	110			LL				687			7			337				20  
	111			LL				615			13			347				20  
	112			RR				504			-179			305				19  
	113			LR				715			-199			325				19  
	114			RL				381			86			365				20  
	115			RR				645			-53			349				19  
	116			LL				585			220			346				20  
	117			LL				711			228			311				20  
	118			RR				418			-251			330				19  
	119			RR				509			-248			268				19  
	120			RL				530			17			342				20  
	121			LR				545			-38			324				19  
	122			RR				573			-266			297				19  
	123			RR				349			-87			337				19  
	124			LL				767			272			287				20  
	125			RR				347			-220			309				19  
	126			LR				459			-276			320				19  
	127			LR				322			-7			364				19  
	128			RL				202			280			395				20  
	129			LL				730			257			415				20  
	130			RR				651			-182			341				19  
	131			LR				687			-18			367				19  
	132			RR				768			-285			346				19  
	133			LL				727			226			296				20  
	134			LL				311			253			376				20  
	135			LR				283			-207			341				19  
	136			RR				745			-59			309				19  
	137			LL				726			154			281				20  
	138			LL				742			68			405				20  
	139			RR				731			-129			323				19  
	140			RL				672			62			352				20  
	141			LR				454			-160			324				19  
	142			LR				492			-149			316				19  
	143			LR				490			-210			288				19  
	144			RL				365			255			352				20  
	145			RL				298			85			359				20  
	146			RL				733			38			321				20  
	147			LR				257			-50			397				19  
	148			LR				581			-64			258				19  
	149			LL				725			44			421				20  
	150			LL				397			239			383				20  
	151			LR				528			-95			311				19  
	152			RR				264			-221			331				19  
	153			LR				577			-27			323				19  
	154			RL				419			172			512				20  
	155			RR				355			-71			332				19  
	156			RL				534			230			366				20  
	157			RR				615			-68			256				19  
	158			LR				722			-164			331				19  
	159			LR				257			-228			339				19  
	160			RL				351			231			304				20  
	161			LL				254			69			402				20  
	162			LR				454			-46			323				19  
	163			RR				320			-162			307				19  
	164			LR				378			-71			307				19  
	165			RL				741			27			314				20  
	166			LL				291			237			425				20  
	167			RR				774			-188			311				19  
	168			RL				318			35			398				20  
	169			RR				663			-133			299				19  
	170			LL				543			39			328				20  
	171			LL				429			102			317				20  
	172			RL				575			195			326				20  
	173			RR				673			-182			320				19  
	174			LL				414			274			334				20  
	175			RR				563			-154			367				19  
	176			LL				620			193			343				20  
	177			LL				517			144			355				20  
	178			LR				313			-58			339				19  
	179			LL				388			0			329				20  
	180			RL				668			14			345				20  
	181			RR				751			-53			303				19  
	182			RL				366			214			371				20  
	183			LR				776			-147			294				19  
	184			RR				558			-164			311				19  
	185			LR				534			-154			399				19  
	186			LL				257			187			430				20  
	187			RL				663			209			298				20  
	188			RR				367			0			319				19  
	189			LL				490			13			379				20  
	190			RR				492			-189			348				19  
	191			RR				521			-189			287				19  
	192			LL				634			82			298				20  
	193			LL				485			200			323				20  
	194			RL				794			135			352				20  
	195			LL				540			242			332				20  
	196			LR				264			-265			362				19  
	197			LL				658			152			335				20  
	198			LR				496			-94			282				19  
	199			RR				497			-126			312				19  
	200			LR				525			-94			286				19  
	201			RR				323			-40			364				19  
	202			RL				721			66			302				20  
	203			LL				294			80			483				20  
	204			LL				715			265			309				20  
	205			RL				398			37			379				20  
	206			RL				308			123			348				20  
	207			LR				264			-144			360				19  
	208			RR				585			-244			285				19  
	209			LR				783			-197			270				19  
	210			LL				447			4			423				20  
	211			LL				646			250			285				20  
	212			LL				732			131			291				20  
	213			LR				271			-148			354				19  
	214			LL				439			162			369				20  
	215			LR				395			-52			354				19  
	216			RL				473			259			335				20  
	217			RL				732			112			292				20  
	218			LR				434			-107			253				19  
	219			LR				347			-244			339				19  
	220			RR				762			-250			352				19  
	221			RL				771			29			374				20  
	222			LR				695			-57			329				19  
	223			RL				370			130			345				20  
	224			RR				681			-163			313				19  
	225			LL				421			4			418				20  
	226			RL				531			183			338				20  
	227			RL				475			106			304				20  
	228			RR				712			-213			311				19  
	229			LL				338			26			379				20  
	230			LL				251			243			313				20  
	231			LL				777			102			308				20  
	232			RR				240			-214			354				19  
	233			LL				361			74			356				20  
	234			LL				635			49			326				20  
	235			LR				377			-117			279				19  
	236			RR				387			-29			299				19  
	237			LR				771			-195			406				19  
	238			LR				394			-187			292				19  
	239			LR				242			-250			382				19  
	240			RL				297			8			360				20  
	241			RL				209			39			427				20  
	242			RL				423			20			324				20  
	243			RR				272			-83			384				19  
	244			RL				429			89			317				20  
	245			RR				533			-201			338				19  
	246			LL				779			185			336				20  
	247			LL				242			14			414				20  
	248			LR				653			-88			279				19  
	249			RL				447			227			300				20  
