

#! index		TrOrder		TrType			CTOA		CTD			RT		KeyPressed
	0			23			LL			200			0			516				20  
	1			5			LR			200			0			394				19  
	2			0			RL			200			0			1895				19  
	3			27			RR			200			0			424				19  
	4			26			LL			200			286			457				20  
	5			6			LR			200			0			425				19  
	6			4			RL			200			0			516				20  
	7			20			RR			200			-286			731				19  
	8			30			LL			400			0			407				20  
	9			13			LR			400			0			379				19  
	10			25			RL			400			0			378				20  
	11			1			RR			400			0			562				19  
	12			16			LL			400			286			500				20  
	13			3			LR			400			0			347				19  
	14			12			RL			400			0			368				20  
	15			28			RR			400			-286			529				19  
	16			14			LL			600			0			420				20  
	17			2			LR			600			0			270				19  
	18			7			RL			600			0			363				20  
	19			24			RR			600			0			361				19  
	20			29			LL			600			286			362				20  
	21			19			LR			600			0			362				19  
	22			22			RL			600			0			332				20  
	23			10			RR			600			-286			852				19  
	24			31			LL			800			0			345				20  
	25			21			LR			800			0			391				19  
	26			11			RL			800			0			497				20  
	27			8			RR			800			0			404				19  
	28			15			LL			800			286			468				20  
	29			18			LR			800			0			467				19  
	30			9			RL			800			0			377				20  
	31			17			RR			800			-286			374				19  
	32			93			LL			200			0			455				20  
	33			37			LL			200			0			456				20  
	34			121			LL			200			0			486				20  
	35			54			LR			200			0			442				19  
	36			40			LR			200			0			396				19  
	37			91			LR			200			0			457				19  
	38			77			RL			200			0			455				20  
	39			56			RL			200			0			518				20  
	40			127			RL			200			0			454				20  
	41			125			RR			200			0			516				19  
	42			66			RR			200			0			488				19  
	43			107			RR			200			0			488				19  
	44			101			LL			200			286			427				20  
	45			52			LL			200			286			425				20  
	46			35			LL			200			286			424				20  
	47			120			LR			200			0			456				19  
	48			78			LR			200			0			365				19  
	49			50			LR			200			0			730				19  
	50			46			RL			200			0			424				20  
	51			76			RL			200			0			518				20  
	52			68			RL			200			0			539				20  
	53			81			RR			200			-286			608				19  
	54			59			RR			200			-286			457				19  
	55			65			RR			200			-286			395				19  
	56			106			LL			400			0			655				20  
	57			62			LL			400			0			469				20  
	58			44			LL			400			0			468				20  
	59			61			LR			400			0			440				19  
	60			36			LR			400			0			409				19  
	61			34			LR			400			0			440				19  
	62			88			RL			400			0			346				20  
	63			89			RL			400			0			348				20  
	64			70			RL			400			0			410				20  
	65			86			RR			400			0			439				19  
	66			98			RR			400			0			407				19  
	67			113			RR			400			0			407				19  
	68			103			LL			400			286			430				20  
	69			45			LL			400			286			471				20  
	70			87			LL			400			286			378				20  
	71			38			LR			400			0			378				19  
	72			43			LR			400			0			440				19  
	73			90			LR			400			0			347				19  
	74			53			RL			400			0			347				20  
	75			67			RL			400			0			376				20  
	76			83			RL			400			0			348				20  
	77			112			RR			400			-286			379				19  
	78			119			RR			400			-286			471				19  
	79			80			RR			400			-286			593				19  
	80			97			LL			600			0			393				20  
	81			63			LL			600			0			422				20  
	82			33			LL			600			0			394				20  
	83			79			LR			600			0			330				19  
	84			42			LR			600			0			394				19  
	85			117			LR			600			0			361				19  
	86			75			RL			600			0			391				20  
	87			69			RL			600			0			412				20  
	88			72			RL			600			0			423				20  
	89			105			RR			600			0			482				19  
	90			99			RR			600			0			361				19  
	91			96			RR			600			0			470				19  
	92			122			LL			600			286			545				20  
	93			60			LL			600			286			331				20  
	94			110			LL			600			286			425				20  
	95			32			LR			600			0			359				19  
	96			82			LR			600			0			423				19  
	97			94			LR			600			0			362				19  
	98			108			RL			600			0			392				20  
	99			47			RL			600			0			362				20  
	100			123			RL			600			0			423				20  
	101			92			RR			600			-286			454				19  
	102			115			RR			600			-286			500				19  
	103			57			RR			600			-286			452				19  
	104			64			LL			800			0			345				20  
	105			39			LL			800			0			406				20  
	106			102			LL			800			0			395				20  
	107			48			LR			800			0			313				19  
	108			84			LR			800			0			375				19  
	109			109			LR			800			0			436				19  
	110			95			RL			800			0			496				20  
	111			116			RL			800			0			499				20  
	112			74			RL			800			0			375				20  
	113			55			RR			800			0			437				19  
	114			58			RR			800			0			407				19  
	115			73			RR			800			0			375				19  
	116			71			LL			800			286			497				20  
	117			118			LL			800			286			406				20  
	118			85			LL			800			286			374				20  
	119			41			LR			800			0			313				19  
	120			126			LR			800			0			438				19  
	121			104			LR			800			0			437				19  
	122			111			RL			800			0			549				20  
	123			114			RL			800			0			592				20  
	124			124			RL			800			0			345				20  
	125			51			RR			800			-286			437				19  
	126			49			RR			800			-286			470				19  
	127			100			RR			800			-286			406				19  
