

#! index		TrOrder		TrType			CTOA		CTD			RT		KeyPressed
	0			19			LL			200			0			446				20  
	1			6			LR			200			0			416				19  
	2			22			RL			200			0			477				20  
	3			23			RR			200			0			415				19  
	4			30			LL			200			286			507				20  
	5			13			LR			200			0			415				19  
	6			25			RL			200			0			354				20  
	7			11			RR			200			-286			386				19  
	8			0			LL			400			0			904				19  
	9			20			LR			400			0			370				19  
	10			24			RL			400			0			275				20  
	11			4			RR			400			0			431				19  
	12			16			LL			400			286			399				20  
	13			29			LR			400			0			384				19  
	14			2			RL			400			0			460				20  
	15			27			RR			400			-286			337				19  
	16			21			LL			600			0			443				20  
	17			14			LR			600			0			321				19  
	18			15			RL			600			0			382				20  
	19			31			RR			600			0			444				19  
	20			10			LL			600			286			381				20  
	21			9			LR			600			0			351				19  
	22			3			RL			600			0			414				20  
	23			28			RR			600			-286			381				19  
	24			26			LL			800			0			358				20  
	25			18			LR			800			0			366				19  
	26			12			RL			800			0			366				20  
	27			8			RR			800			0			365				19  
	28			17			LL			800			286			487				20  
	29			7			LR			800			0			397				19  
	30			5			RL			800			0			395				20  
	31			1			RR			800			-286			977				19  
	32			39			LL			200			0			446				20  
	33			122			LL			200			0			413				20  
	34			74			LL			200			0			414				20  
	35			94			LR			200			0			720				19  
	36			85			LR			200			0			445				19  
	37			117			LR			200			0			415				19  
	38			126			RL			200			0			416				20  
	39			109			RL			200			0			417				20  
	40			101			RL			200			0			476				20  
	41			78			RR			200			0			385				19  
	42			127			RR			200			0			415				19  
	43			100			RR			200			0			476				19  
	44			89			LL			200			286			619				20  
	45			40			LL			200			286			355				20  
	46			102			LL			200			286			416				20  
	47			88			LR			200			0			416				19  
	48			87			LR			200			0			477				19  
	49			52			LR			200			0			445				19  
	50			82			RL			200			0			447				20  
	51			61			RL			200			0			476				20  
	52			48			RL			200			0			435				20  
	53			43			RR			200			-286			356				20  
	54			90			RR			200			-286			417				19  
	55			38			RR			200			-286			460				19  
	56			41			LL			400			0			400				20  
	57			111			LL			400			0			369				20  
	58			68			LL			400			0			155				20  
	59			120			LR			400			0			428				19  
	60			123			LR			400			0			461				19  
	61			107			LR			400			0			431				19  
	62			124			RL			400			0			461				20  
	63			108			RL			400			0			398				20  
	64			99			RL			400			0			400				20  
	65			115			RR			400			0			428				19  
	66			59			RR			400			0			428				19  
	67			84			RR			400			0			492				19  
	68			62			LL			400			286			399				20  
	69			50			LL			400			286			398				20  
	70			33			LL			400			286			307				20  
	71			83			LR			400			0			397				19  
	72			112			LR			400			0			368				19  
	73			106			LR			400			0			459				19  
	74			104			RL			400			0			460				20  
	75			125			RL			400			0			398				20  
	76			105			RL			400			0			399				20  
	77			110			RR			400			-286			398				19  
	78			86			RR			400			-286			338				19  
	79			73			RR			400			-286			369				19  
	80			32			LL			600			0			320				20  
	81			72			LL			600			0			412				20  
	82			66			LL			600			0			412				20  
	83			54			LR			600			0			383				19  
	84			81			LR			600			0			381				19  
	85			63			LR			600			0			351				19  
	86			69			RL			600			0			412				20  
	87			58			RL			600			0			444				20  
	88			118			RL			600			0			383				20  
	89			93			RR			600			0			413				19  
	90			92			RR			600			0			445				19  
	91			65			RR			600			0			412				19  
	92			49			LL			600			286			412				20  
	93			80			LL			600			286			381				20  
	94			70			LL			600			286			413				20  
	95			121			LR			600			0			383				19  
	96			46			LR			600			0			496				19  
	97			67			LR			600			0			351				19  
	98			37			RL			600			0			382				20  
	99			79			RL			600			0			412				20  
	100			97			RL			600			0			442				20  
	101			76			RR			600			-286			399				19  
	102			57			RR			600			-286			413				19  
	103			55			RR			600			-286			749				19  
	104			47			LL			800			0			356				20  
	105			51			LL			800			0			396				20  
	106			71			LL			800			0			396				20  
	107			42			LR			800			0			334				19  
	108			53			LR			800			0			397				19  
	109			119			LR			800			0			579				19  
	110			45			RL			800			0			365				20  
	111			98			RL			800			0			306				20  
	112			35			RL			800			0			365				20  
	113			64			RR			800			0			427				19  
	114			114			RR			800			0			366				19  
	115			75			RR			800			0			426				19  
	116			95			LL			800			286			337				20  
	117			103			LL			800			286			426				20  
	118			116			LL			800			286			487				20  
	119			91			LR			800			0			533				19  
	120			60			LR			800			0			396				19  
	121			113			LR			800			0			396				19  
	122			56			RL			800			0			425				20  
	123			34			RL			800			0			366				20  
	124			36			RL			800			0			395				20  
	125			77			RR			800			-286			364				19  
	126			96			RR			800			-286			335				19  
	127			44			RR			800			-286			427				19  
