

#! index		TrType			CTOA		CTD			RT		KeyPressed
	0			RR				293			-219			405				19  
	1			LR				503			-276			345				19  
	2			LL				715			20			367				20  
	3			LR				884			-85			425				19  
	4			RL				976			60			392				20  
	5			LL				363			95			427				20  
	6			LL				729			25			322				20  
	7			RR				727			-104			366				19  
	8			LL				482			4			337				20  
	9			RL				586			0			325				20  
	10			RR				315			-233			321				19  
	11			LL				928			87			277				20  
	12			RR				902			-148			344				19  
	13			RL				959			282			471				20  
	14			RL				398			154			420				20  
	15			RR				569			-176			342				19  
	16			LR				837			-238			441				19  
	17			LL				909			215			325				20  
	18			LR				401			-284			376				19  
	19			RR				415			-184			392				19  
	20			LL				415			117			548				20  
	21			LL				267			158			397				20  
	22			RR				513			-98			400				19  
	23			RR				928			-283			335				19  
	24			LL				920			173			327				20  
	25			RL				551			121			389				20  
	26			LR				244			-259			394				19  
	27			LR				912			-14			412				19  
	28			RL				715			156			349				20  
	29			RR				710			-150			321				19  
	30			LL				425			185			394				20  
	31			LL				753			194			341				20  
	32			RL				397			169			409				20  
	33			LR				673			-129			361				19  
	34			LR				665			-160			368				19  
	35			RR				350			-37			363				19  
	36			RR				691			-142			342				19  
	37			RL				618			215			324				20  
	38			LR				658			-73			312				19  
	39			RR				296			-8			372				19  
	40			LR				716			-21			347				19  
	41			RR				434			-58			354				19  
	42			LL				979			206			419				20  
	43			RR				654			-44			348				19  
	44			LR				216			-138			460				19  
	45			RL				666			73			367				20  
	46			LL				771			23			392				20  
	47			RL				370			228			389				20  
	48			LR				971			-46			367				19  
	49			LR				377			-46			410				19  
	50			LL				402			126			373				20  
	51			LR				462			-119			389				19  
	52			LR				625			-182			316				19  
	53			RR				404			-129			400				19  
	54			RR				527			-242			353				19  
	55			LR				916			-123			318				19  
	56			LL				321			179			436				20  
	57			LR				388			-99			370				19  
	58			LR				228			-183			401				19  
	59			RL				357			15			371				20  
	60			RR				487			-32			302				19  
	61			LL				842			133			366				20  
	62			RL				376			227			352				20  
	63			RR				887			-197			327				19  
	64			LR				448			-173			340				19  
	65			LR				327			-30			385				19  
	66			LR				671			-91			332				19  
	67			RL				374			213			383				20  
	68			RL				653			39			367				20  
	69			RR				366			-214			331				19  
	70			LR				411			-176			347				19  
	71			LL				502			231			378				20  
	72			LR				876			-153			341				19  
	73			LL				713			147			290				20  
	74			LR				465			-259			372				19  
	75			RL				951			55			357				20  
	76			LL				236			180			463				20  
	77			LR				492			-86			357				19  
	78			RR				288			-3			347				19  
	79			LL				398			262			320				20  
	80			LR				997			-52			433				19  
	81			RR				690			-71			312				19  
	82			RL				538			154			331				20  
	83			LR				966			-196			342				19  
	84			RL				579			41			394				20  
	85			RL				504			217			375				20  
	86			RL				658			276			346				20  
	87			LL				362			111			395				20  
	88			LL				605			109			291				20  
	89			LR				614			-166			360				19  
	90			LR				549			-13			331				19  
	91			RR				695			-254			400				19  
	92			LR				895			-165			352				19  
	93			LR				527			-259			398				19  
	94			RR				275			-162			483				19  
	95			LL				390			49			354				20  
	96			RR				998			-234			310				19  
	97			RR				972			-238			352				19  
	98			RL				485			273			517				20  
	99			LL				791			93			363				20  
	100			LR				457			-199			407				19  
	101			LL				494			194			356				20  
	102			RR				404			-24			385				19  
	103			LR				866			-127			348				19  
	104			LR				792			-81			362				19  
	105			RL				448			143			344				20  
	106			RL				585			84			415				20  
	107			RL				440			82			320				20  
	108			LL				306			226			319				20  
	109			RL				271			232			304				20  
	110			LL				534			76			376				20  
	111			LR				292			-98			375				19  
	112			RL				835			83			350				20  
	113			RL				903			184			315				20  
	114			LR				460			-27			296				19  
	115			RL				688			223			345				20  
	116			LL				290			133			346				20  
	117			LR				525			-34			293				19  
	118			LR				756			-36			338				19  
	119			RL				589			250			321				20  
	120			RR				438			-269			411				19  
	121			LL				653			108			350				20  
	122			RR				929			-20			348				19  
	123			RR				361			-170			337				19  
	124			LL				877			246			278				20  
	125			RL				953			124			417				20  
	126			RR				778			-141			304				19  
	127			LL				353			243			284				20  
	128			RR				449			-97			309				19  
	129			LR				551			-263			297				19  
	130			RL				450			263			338				20  
	131			LR				404			-9			507				19  
	132			LL				707			269			356				20  
	133			LR				763			-208			363				19  
	134			LR				440			-240			379				19  
	135			LL				328			160			370				20  
	136			RR				678			-113			314				19  
	137			LL				273			183			332				20  
	138			LR				954			-165			325				19  
	139			RR				428			-1			329				19  
	140			LL				366			208			360				20  
	141			LR				302			-5			362				19  
	142			LL				329			63			307				20  
	143			RR				282			-178			385				19  
	144			LL				864			250			351				20  
	145			LL				736			19			389				20  
	146			RR				386			-281			342				19  
	147			RR				704			-26			297				19  
	148			RR				417			-146			311				19  
	149			LL				880			105			336				20  
	150			LR				883			-154			424				19  
	151			LR				666			-277			369				19  
	152			RL				682			9			410				20  
	153			RL				860			228			389				20  
	154			RL				560			247			320				20  
	155			LL				461			27			420				20  
	156			LR				516			-263			365				19  
	157			LL				503			239			335				20  
	158			LR				576			-199			335				19  
	159			LL				985			241			323				20  
	160			LL				480			56			277				20  
	161			RL				914			194			349				20  
	162			LR				889			-91			357				19  
	163			LL				915			19			303				20  
	164			RL				754			184			340				20  
	165			RR				647			-254			264				19  
	166			LR				723			-106			450				19  
	167			RL				660			137			343				20  
	168			LL				531			247			317				20  
	169			LL				290			27			317				20  
	170			LR				966			-52			402				19  
	171			LR				324			-244			404				19  
	172			LL				867			37			349				20  
	173			LL				324			65			435				20  
	174			RR				378			-223			350				19  
	175			LR				893			-188			356				19  
	176			LL				806			266			308				20  
	177			RL				303			167			393				20  
	178			LL				688			202			314				20  
	179			LL				579			232			300				20  
	180			LL				656			77			395				20  
	181			LL				803			177			322				20  
	182			LL				687			237			285				20  
	183			LL				791			267			304				20  
	184			LR				975			-209			425				19  
	185			LR				799			-25			324				19  
	186			LL				526			29			386				20  
	187			LL				472			197			378				20  
	188			RR				940			-198			428				19  
	189			LR				707			-231			435				19  
	190			RR				558			-252			416				19  
	191			RL				774			31			411				20  
	192			LL				470			49			372				20  
	193			RR				334			-112			300				19  
	194			RR				282			-238			355				19  
	195			RL				868			40			348				20  
	196			LL				941			60			366				20  
	197			LR				224			-116			433				19  
	198			LR				776			-61			320				19  
	199			RR				530			-141			349				19  
	200			LR				376			-98			353				19  
	201			LL				281			271			354				20  
	202			LR				369			-47			328				19  
	203			RL				507			34			312				20  
	204			RR				821			-12			336				19  
	205			RL				688			205			315				20  
	206			RL				803			229			322				20  
	207			RL				971			64			306				20  
	208			LR				497			-164			353				19  
	209			RL				668			159			457				20  
	210			RR				263			-283			311				19  
	211			LL				539			40			330				20  
	212			LL				499			179			289				20  
	213			RL				632			81			281				20  
	214			LR				728			-12			325				19  
	215			RR				764			-182			341				19  
	216			RL				540			46			321				20  
	217			RL				382			204			307				20  
	218			LL				562			282			321				20  
	219			RL				222			192			392				20  
	220			RL				668			165			322				20  
	221			LL				660			168			333				20  
	222			RL				772			231			352				20  
	223			LL				475			118			334				20  
	224			RL				703			227			266				20  
	225			LR				738			-225			332				19  
	226			RR				449			-153			364				19  
	227			LL				578			70			281				20  
	228			RL				350			94			332				20  
	229			RL				339			0			309				20  
	230			LL				878			214			314				20  
	231			RR				541			-264			318				19  
	232			LR				212			-134			356				19  
	233			RR				859			-160			280				19  
	234			LR				390			-88			385				19  
	235			LL				226			218			354				20  
	236			LR				857			-184			330				19  
	237			RR				486			-215			282				19  
	238			LL				684			90			337				20  
	239			LR				949			-259			359				19  
	240			LL				950			24			306				20  
	241			RL				750			239			324				20  
	242			RL				689			87			327				20  
	243			LR				267			-33			407				19  
	244			RL				715			160			295				20  
	245			RL				963			192			332				20  
	246			LR				775			-28			318				19  
	247			RR				492			0			390				19  
	248			LR				295			-25			463				19  
	249			LR				549			-100			300				19  
