

#! index		TrType			CTOA		CTD			RT		KeyPressed
	0			LL				304			167			476				19  
	1			RL				670			96			356				20  
	2			LR				729			0			265				19  
	3			RL				250			265			439				20  
	4			RR				202			-170			458				19  
	5			RL				307			122			383				20  
	6			LL				728			236			572				20  
	7			RL				797			214			371				20  
	8			RR				652			-107			417				19  
	9			LL				391			259			556				20  
	10			LR				466			-9			376				19  
	11			LL				218			168			687				20  
	12			LL				421			11			543				20  
	13			LL				422			167			465				20  
	14			LL				379			146			476				20  
	15			LR				737			-31			319				19  
	16			LL				394			101			431				20  
	17			LL				290			285			582				20  
	18			RR				741			-235			329				19  
	19			LR				365			-11			459				19  
	20			RL				309			123			411				20  
	21			RL				329			173			373				20  
	22			LL				683			189			465				20  
	23			LR				706			-229			333				19  
	24			RR				457			-270			385				19  
	25			RL				765			77			335				20  
	26			LL				231			136			410				20  
	27			LL				445			193			427				20  
	28			LL				444			180			320				20  
	29			LR				339			-259			432				19  
	30			RL				364			178			461				20  
	31			RL				622			107			433				20  
	32			RL				386			141			429				20  
	33			LR				783			-281			364				19  
	34			RR				664			-220			515				19  
	35			RR				631			-130			423				19  
	36			RR				793			-133			508				19  
	37			LL				479			179			516				20  
	38			RL				286			197			478				20  
	39			RR				665			-8			391				19  
	40			LL				609			157			477				20  
	41			RR				385			-82			440				19  
	42			LL				610			237			415				20  
	43			LL				306			62			570				20  
	44			RR				297			-10			423				19  
	45			RL				760			226			371				20  
	46			RL				435			172			451				20  
	47			LL				716			235			462				20  
	48			LL				492			129			486				20  
	49			RR				307			-89			426				19  
	50			RL				324			127			501				20  
	51			RR				655			-80			431				19  
	52			RL				228			123			780				20  
	53			RR				727			-157			556				19  
	54			LL				259			127			461				20  
	55			RR				280			-17			453				19  
	56			LR				756			-189			330				19  
	57			LL				518			209			553				20  
	58			RL				413			270			473				20  
	59			RR				684			-267			433				19  
	60			LL				270			173			922				20  
	61			RR				537			-168			502				19  
	62			RR				707			-72			807				19  
	63			RR				366			-27			488				19  
	64			RR				698			-29			464				19  
	65			RR				365			-12			415				19  
	66			RR				401			-107			423				19  
	67			LR				799			-162			350				19  
	68			RR				638			-70			339				19  
	69			RL				605			30			342				20  
	70			RL				566			50			367				20  
	71			LR				330			0			402				19  
	72			LL				682			250			680				20  
	73			LR				234			-180			363				19  
	74			LL				293			138			471				20  
	75			RL				354			135			365				20  
	76			RR				379			-111			416				19  
	77			RR				604			-238			542				19  
	78			RL				344			182			420				20  
	79			LR				493			-70			350				19  
	80			RR				557			-278			529				19  
	81			LL				662			74			530				20  
	82			RR				664			-113			422				19  
	83			RR				590			-232			496				19  
	84			LL				369			16			455				20  
	85			LR				660			-165			365				19  
	86			RL				344			124			529				20  
	87			LR				577			-83			356				19  
	88			RL				478			251			410				20  
	89			LL				261			40			472				20  
	90			RL				408			4			403				20  
	91			LR				391			-30			373				19  
	92			LL				548			0			463				20  
	93			RR				787			-273			404				19  
	94			LL				674			19			335				20  
	95			RR				708			-124			317				19  
	96			LL				454			28			401				20  
	97			RR				715			-126			341				19  
	98			LL				289			7			476				20  
	99			LR				216			-27			381				19  
	100			RL				301			219			432				20  
	101			LL				310			58			440				20  
	102			RL				375			119			358				20  
	103			RL				376			80			404				20  
	104			LR				351			-122			290				19  
	105			LL				391			97			451				20  
	106			RL				651			140			347				20  
	107			LR				712			-78			283				19  
	108			RL				378			149			386				20  
	109			RL				393			249			294				20  
	110			RR				452			-162			373				19  
	111			LL				312			166			118				20  
	112			LR				435			-51			297				19  
	113			RL				687			216			339				20  
	114			RR				256			-35			477				19  
	115			LL				512			96			421				20  
	116			RR				716			-279			353				19  
	117			RR				412			-135			903				19  
	118			LL				577			35			417				20  
	119			LR				290			-228			398				19  
	120			RR				213			-184			476				19  
	121			LL				553			192			425				20  
	122			LR				303			-284			400				19  
	123			LL				410			175			401				20  
	124			LR				264			-137			346				19  
	125			RR				337			-190			352				19  
	126			RL				539			173			364				20  
	127			LL				525			114			438				20  
	128			RL				210			140			382				20  
	129			RR				283			-258			405				19  
	130			RR				762			-211			553				19  
	131			LR				548			-216			339				19  
	132			RL				352			48			442				20  
	133			RR				350			-113			309				19  
	134			LL				717			204			415				20  
	135			LR				405			-158			328				19  
	136			RR				206			-73			398				19  
	137			LR				570			-89			469				19  
	138			LR				211			-285			520				19  
	139			RL				506			238			410				20  
	140			RL				449			197			424				20  
	141			LL				291			38			472				20  
	142			LR				746			-215			331				19  
	143			RL				249			206			408				20  
	144			LR				487			-228			307				19  
	145			RR				316			-30			481				19  
	146			RR				649			-279			497				19  
	147			LR				203			-112			338				19  
	148			LR				390			-235			342				19  
	149			RR				388			-113			393				19  
	150			LR				287			-258			402				19  
	151			RL				701			284			337				20  
	152			LR				783			-96			273				19  
	153			RL				635			266			527				20  
	154			LL				469			111			478				20  
	155			LL				349			54			463				20  
	156			RR				412			0			412				19  
	157			RR				399			-123			352				19  
	158			LR				635			-251			281				19  
	159			RL				529			240			312				20  
	160			RL				767			61			340				20  
	161			RL				709			212			320				20  
	162			RL				705			51			351				20  
	163			LR				307			-201			382				19  
	164			RL				266			201			330				20  
	165			RR				500			-256			435				19  
	166			LR				614			-240			303				19  
	167			RL				615			225			349				20  
	168			LR				274			-15			476				19  
	169			RR				202			-181			399				19  
	170			RR				706			-103			302				19  
	171			RL				235			264			546				20  
	172			RL				680			131			529				20  
	173			RL				788			205			312				20  
	174			RR				610			-122			417				19  
	175			LR				432			-111			300				19  
	176			LL				371			200			440				20  
	177			RL				275			99			398				20  
	178			RR				748			-206			400				19  
	179			RR				780			-183			367				19  
	180			RL				560			145			479				20  
	181			RR				777			-64			401				19  
	182			RL				731			224			356				20  
	183			RL				406			149			419				20  
	184			LL				237			105			451				20  
	185			RL				495			205			330				20  
	186			RR				728			-217			389				19  
	187			LL				550			141			414				20  
	188			RR				759			-100			403				19  
	189			RR				591			-61			434				19  
	190			RL				377			263			434				20  
	191			LR				683			-196			311				19  
	192			LR				218			-71			429				19  
	193			RL				688			228			381				20  
	194			RR				401			-8			411				19  
	195			LR				623			-185			294				19  
	196			LL				455			158			479				20  
	197			RL				311			166			367				20  
	198			RL				608			150			388				20  
	199			LR				219			-125			429				19  
	200			RL				347			272			417				20  
	201			LR				300			-122			358				19  
	202			LR				711			-225			344				19  
	203			LR				262			-141			473				19  
	204			RL				740			75			927				20  
	205			LR				758			-149			282				19  
	206			RL				547			190			339				20  
	207			RR				278			-112			381				19  
	208			RL				628			14			380				20  
	209			RL				344			103			467				20  
	210			RR				608			-277			370				19  
	211			LL				579			109			447				20  
	212			RR				235			-236			454				19  
	213			RR				708			-24			421				19  
	214			RR				405			-193			407				19  
	215			RR				562			-278			293				19  
	216			LR				277			-199			412				19  
	217			RL				677			173			422				20  
	218			LL				312			55			470				20  
	219			LR				343			-233			327				19  
	220			LL				561			195			435				20  
	221			RR				544			-205			298				19  
	222			RR				774			-173			387				19  
	223			RL				670			170			386				20  
	224			LL				720			139			458				20  
	225			RL				527			88			329				20  
	226			RR				512			-203			330				19  
	227			RL				330			69			433				20  
	228			RR				694			-139			423				19  
	229			LL				212			279			481				20  
	230			RL				701			41			477				20  
	231			LL				512			270			452				20  
	232			LL				343			230			451				20  
	233			RR				706			-146			381				19  
	234			RR				464			-161			347				19  
	235			LR				758			-62			342				19  
	236			RR				344			-1			436				19  
	237			LL				771			166			374				20  
	238			RR				316			-100			374				19  
	239			RR				610			-102			337				19  
	240			RR				596			-277			412				19  
	241			LR				683			-43			343				19  
	242			RL				651			84			357				20  
	243			LR				534			-63			339				19  
	244			RR				242			-4			445				19  
	245			RL				581			101			446				20  
	246			RR				713			-60			404				19  
	247			RR				715			-82			416				19  
	248			LL				465			54			468				20  
	249			RR				677			-32			471				19  
