

#! index		TrOrder		TrType			CTOA		CTD			RT		KeyPressed
	0			27			LL			200			0			410				20  
	1			31			LR			200			0			368				19  
	2			17			RL			200			0			353				20  
	3			12			RR			200			0			444				19  
	4			8			LL			200			286			472				20  
	5			30			LR			200			0			399				19  
	6			14			RL			200			0			414				20  
	7			9			RR			200			-286			458				19  
	8			23			LL			400			0			492				20  
	9			5			LR			400			0			490				19  
	10			24			RL			400			0			368				20  
	11			20			RR			400			0			335				19  
	12			11			LL			400			286			400				20  
	13			6			LR			400			0			399				19  
	14			0			RL			400			0			414				19  
	15			13			RR			400			-286			445				19  
	16			25			LL			600			0			353				20  
	17			10			LR			600			0			352				19  
	18			1			RL			600			0			380				20  
	19			16			RR			600			0			320				19  
	20			7			LL			600			286			373				20  
	21			3			LR			600			0			321				19  
	22			21			RL			600			0			352				20  
	23			19			RR			600			-286			351				19  
	24			28			LL			800			0			305				20  
	25			29			LR			800			0			334				19  
	26			2			RL			800			0			335				20  
	27			22			RR			800			0			581				19  
	28			26			LL			800			286			426				20  
	29			18			LR			800			0			335				19  
	30			15			RL			800			0			335				20  
	31			4			RR			800			-286			548				19  
	32			90			LL			200			0			444				20  
	33			136			LL			200			0			536				20  
	34			117			LL			200			0			413				20  
	35			86			LL			200			0			443				20  
	36			115			LR			200			0			415				19  
	37			58			LR			200			0			322				19  
	38			95			LR			200			0			505				19  
	39			150			LR			200			0			474				19  
	40			155			RL			200			0			446				20  
	41			130			RL			200			0			408				20  
	42			52			RL			200			0			413				20  
	43			42			RL			200			0			382				20  
	44			127			RR			200			0			413				19  
	45			156			RR			200			0			441				19  
	46			120			RR			200			0			476				19  
	47			74			RR			200			0			446				19  
	48			94			LL			200			286			382				20  
	49			133			LL			200			286			445				20  
	50			98			LL			200			286			383				20  
	51			158			LL			200			286			443				20  
	52			99			LR			200			0			414				19  
	53			135			LR			200			0			411				19  
	54			57			LR			200			0			352				19  
	55			41			LR			200			0			384				19  
	56			91			RL			200			0			411				20  
	57			78			RL			200			0			445				20  
	58			68			RL			200			0			473				20  
	59			128			RL			200			0			435				20  
	60			50			RR			200			-286			414				19  
	61			63			RR			200			-286			383				19  
	62			132			RR			200			-286			414				19  
	63			92			RR			200			-286			413				19  
	64			53			LL			400			0			338				20  
	65			105			LL			400			0			430				20  
	66			64			LL			400			0			337				20  
	67			56			LL			400			0			339				20  
	68			39			LR			400			0			367				19  
	69			38			LR			400			0			428				19  
	70			66			LR			400			0			429				19  
	71			137			LR			400			0			338				19  
	72			36			RL			400			0			398				20  
	73			103			RL			400			0			358				20  
	74			142			RL			400			0			399				20  
	75			73			RL			400			0			368				20  
	76			51			RR			400			0			337				19  
	77			151			RR			400			0			399				19  
	78			33			RR			400			0			383				19  
	79			84			RR			400			0			339				19  
	80			40			LL			400			286			366				20  
	81			71			LL			400			286			337				20  
	82			61			LL			400			286			370				20  
	83			70			LL			400			286			399				20  
	84			126			LR			400			0			399				19  
	85			104			LR			400			0			337				19  
	86			100			LR			400			0			430				19  
	87			157			LR			400			0			399				19  
	88			87			RL			400			0			399				20  
	89			138			RL			400			0			429				20  
	90			129			RL			400			0			429				20  
	91			89			RL			400			0			420				20  
	92			141			RR			400			-286			338				19  
	93			111			RR			400			-286			460				19  
	94			83			RR			400			-286			307				19  
	95			69			RR			400			-286			338				19  
	96			49			LL			600			0			372				20  
	97			37			LL			600			0			412				20  
	98			54			LL			600			0			322				20  
	99			96			LL			600			0			378				20  
	100			149			LR			600			0			410				19  
	101			146			LR			600			0			352				19  
	102			143			LR			600			0			322				19  
	103			114			LR			600			0			321				19  
	104			122			RL			600			0			413				20  
	105			48			RL			600			0			381				20  
	106			131			RL			600			0			322				20  
	107			112			RL			600			0			413				20  
	108			72			RR			600			0			321				19  
	109			43			RR			600			0			353				19  
	110			80			RR			600			0			413				19  
	111			121			RR			600			0			410				19  
	112			97			LL			600			286			382				20  
	113			106			LL			600			286			321				20  
	114			47			LL			600			286			432				20  
	115			65			LL			600			286			321				20  
	116			145			LR			600			0			321				19  
	117			140			LR			600			0			321				19  
	118			34			LR			600			0			382				19  
	119			124			LR			600			0			321				19  
	120			101			RL			600			0			352				20  
	121			62			RL			600			0			382				20  
	122			82			RL			600			0			352				20  
	123			35			RL			600			0			383				20  
	124			59			RR			600			-286			291				19  
	125			139			RR			600			-286			322				19  
	126			116			RR			600			-286			256				19  
	127			153			RR			600			-286			474				19  
	128			60			LL			800			0			321				20  
	129			88			LL			800			0			326				20  
	130			152			LL			800			0			365				20  
	131			123			LL			800			0			335				20  
	132			109			LR			800			0			335				19  
	133			113			LR			800			0			364				19  
	134			107			LR			800			0			364				19  
	135			119			LR			800			0			396				19  
	136			108			RL			800			0			336				20  
	137			45			RL			800			0			334				20  
	138			118			RL			800			0			487				20  
	139			93			RL			800			0			335				20  
	140			44			RR			800			0			304				19  
	141			110			RR			800			0			334				19  
	142			85			RR			800			0			334				19  
	143			147			RR			800			0			290				19  
	144			32			LL			800			286			337				20  
	145			125			LL			800			286			335				20  
	146			46			LL			800			286			362				20  
	147			102			LL			800			286			302				20  
	148			75			LR			800			0			333				19  
	149			67			LR			800			0			367				19  
	150			55			LR			800			0			395				19  
	151			81			LR			800			0			352				19  
	152			148			RL			800			0			425				20  
	153			77			RL			800			0			393				20  
	154			134			RL			800			0			549				20  
	155			144			RL			800			0			335				20  
	156			159			RR			800			-286			366				19  
	157			79			RR			800			-286			321				19  
	158			154			RR			800			-286			336				19  
	159			76			RR			800			-286			305				19  
