

#! index		TrType			CTOA		CTD			RT		KeyPressed
	0			RR				713			-120			570				19  
	1			RR				378			-284			419				19  
	2			RL				292			201			564				20  
	3			LL				607			210			405				20  
	4			RR				721			-154			412				19  
	5			RR				214			-197			440				19  
	6			LR				627			-91			323				19  
	7			RL				438			29			328				20  
	8			LR				893			-234			332				19  
	9			RL				928			241			416				20  
	10			LL				908			238			390				20  
	11			LR				444			-170			393				19  
	12			RL				441			42			384				20  
	13			LL				205			79			396				20  
	14			RL				792			43			402				20  
	15			RR				424			-282			393				19  
	16			LR				978			-102			428				19  
	17			RL				433			15			365				20  
	18			LR				515			-149			402				19  
	19			LR				371			-32			422				19  
	20			LL				248			100			386				20  
	21			RL				916			231			341				20  
	22			RR				592			-109			358				19  
	23			RR				711			-133			315				19  
	24			RL				934			57			428				20  
	25			RR				256			-272			429				19  
	26			RR				248			-69			313				19  
	27			LL				536			236			304				20  
	28			RL				579			80			382				20  
	29			RR				997			-184			359				19  
	30			RR				289			-255			295				19  
	31			RL				569			128			348				20  
	32			LL				415			87			261				20  
	33			RR				721			-49			320				19  
	34			RR				293			-222			321				19  
	35			RR				454			-189			343				19  
	36			RR				417			-149			349				19  
	37			LR				610			-192			369				19  
	38			RR				472			-62			352				19  
	39			RR				696			-279			345				19  
	40			RR				412			-227			811				19  
	41			LR				327			-146			349				19  
	42			RL				687			205			321				20  
	43			LR				933			-161			299				19  
	44			LR				270			-93			323				19  
	45			RL				891			46			282				20  
	46			RR				621			-16			369				19  
	47			LR				238			-106			332				19  
	48			RR				775			-45			370				19  
	49			LR				949			-270			306				19  
	50			RL				931			240			384				20  
	51			RR				768			-56			304				19  
	52			LR				378			-236			327				19  
	53			LR				953			-30			301				19  
	54			LR				605			-144			347				19  
	55			LR				867			-62			340				19  
	56			RR				997			-58			328				19  
	57			RR				242			-201			339				19  
	58			RL				539			155			405				20  
	59			RL				666			1			365				20  
	60			RL				622			209			265				20  
	61			LL				494			176			424				20  
	62			LR				653			-32			354				19  
	63			LR				515			-150			373				19  
	64			RR				601			-7			379				19  
	65			RL				203			111			441				20  
	66			RL				378			79			572				20  
	67			RR				542			-62			346				19  
	68			LL				305			250			368				20  
	69			RR				741			-135			331				19  
	70			LR				745			-280			336				19  
	71			RL				531			58			366				20  
	72			LL				226			185			605				20  
	73			RL				317			9			431				20  
	74			LL				737			265			410				20  
	75			LL				757			187			385				20  
	76			LR				268			-108			369				19  
	77			RR				492			-44			365				19  
	78			RR				666			-102			343				19  
	79			RL				568			40			350				20  
	80			LR				945			-129			370				19  
	81			RL				931			38			413				20  
	82			RL				294			109			360				20  
	83			RR				812			-7			381				19  
	84			RL				840			48			330				20  
	85			LR				782			-90			393				19  
	86			LR				507			-196			320				19  
	87			RL				810			139			383				20  
	88			LR				935			-119			260				19  
	89			RR				420			-7			315				19  
	90			RL				534			90			353				20  
	91			RL				897			6			390				20  
	92			RL				204			217			594				20  
	93			LR				510			-184			339				19  
	94			LR				530			-57			430				19  
	95			LL				665			130			447				20  
	96			LR				918			-228			287				19  
	97			LL				669			144			310				20  
	98			LL				260			227			397				20  
	99			LR				595			-155			305				19  
	100			RR				616			-64			342				19  
	101			RL				869			235			245				20  
	102			RL				886			154			429				20  
	103			LL				693			5			427				20  
	104			LR				409			-86			387				19  
	105			LL				571			89			287				20  
	106			RR				937			-201			349				19  
	107			RL				776			246			377				20  
	108			RL				379			268			340				20  
	109			LL				215			83			329				20  
	110			RL				650			17			377				20  
	111			LR				832			-201			338				19  
	112			LR				692			-100			361				19  
	113			RR				323			-110			334				19  
	114			LL				338			239			317				20  
	115			RL				579			248			280				20  
	116			RL				829			227			313				20  
	117			LR				593			-89			292				19  
	118			RL				483			258			313				20  
	119			RL				435			283			321				20  
	120			LL				668			170			374				20  
	121			RR				718			-10			415				19  
	122			LR				481			-96			376				19  
	123			RL				763			72			337				20  
	124			RR				273			-123			431				19  
	125			LR				943			-21			312				19  
	126			LL				837			183			426				20  
	127			RL				674			265			367				20  
	128			RR				925			-125			339				19  
	129			LL				849			276			468				20  
	130			RR				842			-17			351				19  
	131			LR				518			-270			371				19  
	132			RR				548			-127			402				19  
	133			RL				818			27			375				20  
	134			RL				221			264			391				20  
	135			RL				567			64			329				20  
	136			LR				628			-89			299				19  
	137			RR				342			-255			403				19  
	138			RR				285			-236			306				19  
	139			RL				636			16			293				20  
	140			LR				611			-249			287				19  
	141			RR				660			-96			329				19  
	142			LR				616			-43			372				19  
	143			LL				971			191			325				20  
	144			LL				249			80			364				20  
	145			RL				988			235			345				20  
	146			LL				368			45			335				20  
	147			LR				618			-25			330				19  
	148			LR				532			-264			357				19  
	149			RR				395			-164			399				19  
	150			LR				440			-8			311				19  
	151			LL				338			251			459				20  
	152			RL				606			47			361				20  
	153			LR				728			-64			309				19  
	154			RL				464			88			363				20  
	155			RL				690			244			289				20  
	156			RL				548			267			248				20  
	157			LR				675			-56			335				19  
	158			RL				746			161			366				20  
	159			RR				687			-136			304				19  
	160			LL				347			258			336				20  
	161			LR				370			-259			377				19  
	162			RR				273			-122			288				19  
	163			RL				404			262			379				20  
	164			RR				583			-133			284				19  
	165			RL				831			0			342				20  
	166			RR				715			-213			404				19  
	167			RL				665			3			405				20  
	168			LL				823			199			462				20  
	169			RR				474			-178			369				19  
	170			LL				856			244			366				20  
	171			LL				780			72			292				20  
	172			LR				705			-47			287				19  
	173			RL				249			210			432				20  
	174			LL				982			181			404				20  
	175			RR				555			-43			381				19  
	176			LR				555			-28			455				19  
	177			LL				351			184			370				20  
	178			RR				362			-248			312				19  
	179			LL				920			201			410				20  
	180			LL				620			207			351				20  
	181			RL				503			274			355				20  
	182			LR				707			-81			395				19  
	183			LR				839			-247			385				19  
	184			LR				627			-264			363				19  
	185			RR				336			-222			440				19  
	186			LR				457			-77			381				19  
	187			LR				537			-99			424				19  
	188			RL				252			58			401				20  
	189			RL				949			115			375				20  
	190			LL				714			121			541				20  
	191			RL				495			48			379				20  
	192			LL				463			156			331				20  
	193			RR				691			-281			340				19  
	194			LR				584			-115			365				19  
	195			RL				525			75			272				20  
	196			RR				346			-163			329				19  
	197			LR				563			-19			326				19  
	198			LR				841			-218			321				19  
	199			LR				204			-104			395				19  
	200			LL				527			139			422				20  
	201			LR				865			-283			328				19  
	202			RL				200			36			419				20  
	203			LR				638			-18			382				19  
	204			RR				626			-153			392				19  
	205			LL				948			50			441				20  
	206			LR				360			-39			345				19  
	207			RR				816			-149			345				19  
	208			RL				869			278			355				20  
	209			RL				681			102			330				20  
	210			LL				973			110			464				20  
	211			RR				564			-224			330				19  
	212			RR				557			-146			372				19  
	213			LR				660			-244			394				19  
	214			RR				711			-194			370				19  
	215			RR				340			-260			363				19  
	216			LL				481			92			362				20  
	217			RR				591			-54			389				19  
	218			RL				210			245			549				20  
	219			LR				988			-152			359				19  
	220			LR				475			-177			369				19  
	221			RR				785			-153			331				19  
	222			LL				614			130			398				20  
	223			RR				225			-263			288				19  
	224			LR				910			-263			329				19  
	225			RL				653			244			334				20  
	226			RR				580			-283			257				19  
	227			LR				838			-256			320				19  
	228			LR				990			-182			309				19  
	229			LR				877			-281			347				19  
	230			RR				504			-84			351				19  
	231			RL				200			18			412				20  
	232			LL				629			79			324				20  
	233			LL				993			18			411				20  
	234			RR				930			-141			445				19  
	235			RL				866			28			385				20  
	236			RR				750			-15			454				19  
	237			RR				742			-143			362				19  
	238			RR				659			-273			320				19  
	239			RL				370			114			425				20  
	240			LL				357			53			370				20  
	241			LL				594			202			323				20  
	242			RL				644			212			518				20  
	243			RL				866			232			389				20  
	244			LR				919			-219			325				19  
	245			LR				515			-83			321				19  
	246			RR				594			-82			396				19  
	247			RL				638			24			320				20  
	248			LL				238			249			374				20  
	249			LR				204			-143			376				19  
