

#! index		TrOrder		TrType			CTOA		CTD			RT		KeyPressed
	0			1			LL			200			0			448				20  
	1			22			LR			200			0			387				19  
	2			30			RL			200			0			417				20  
	3			5			RR			200			0			602				19  
	4			26			LL			200			286			357				20  
	5			17			LR			200			0			511				19  
	6			29			RL			200			0			417				20  
	7			13			RR			200			-286			449				19  
	8			0			LL			400			0			679				19  
	9			2			LR			400			0			400				19  
	10			23			RL			400			0			340				20  
	11			21			RR			400			0			372				19  
	12			7			LL			400			286			492				20  
	13			10			LR			400			0			402				19  
	14			6			RL			400			0			433				20  
	15			9			RR			400			-286			431				19  
	16			19			LL			600			0			415				20  
	17			31			LR			600			0			384				19  
	18			28			RL			600			0			325				20  
	19			20			RR			600			0			323				19  
	20			18			LL			600			286			352				20  
	21			25			LR			600			0			384				19  
	22			16			RL			600			0			355				20  
	23			27			RR			600			-286			292				19  
	24			14			LL			800			0			735				20  
	25			15			LR			800			0			368				19  
	26			3			RL			800			0			337				20  
	27			24			RR			800			0			307				19  
	28			11			LL			800			286			399				20  
	29			4			LR			800			0			338				19  
	30			8			RL			800			0			400				20  
	31			12			RR			800			-286			367				19  
	32			41			LL			200			0			601				20  
	33			56			LL			200			0			389				20  
	34			92			LL			200			0			418				19  
	35			79			LR			200			0			419				19  
	36			67			LR			200			0			387				19  
	37			43			LR			200			0			477				19  
	38			104			RL			200			0			387				20  
	39			78			RL			200			0			357				20  
	40			117			RL			200			0			355				19  
	41			32			RR			200			0			356				19  
	42			100			RR			200			0			356				19  
	43			46			RR			200			0			357				19  
	44			105			LL			200			286			358				20  
	45			58			LL			200			286			324				20  
	46			108			LL			200			286			296				20  
	47			111			LR			200			0			464				19  
	48			62			LR			200			0			356				19  
	49			125			LR			200			0			448				19  
	50			55			RL			200			0			357				20  
	51			119			RL			200			0			355				20  
	52			115			RL			200			0			479				20  
	53			88			RR			200			-286			297				19  
	54			76			RR			200			-286			295				19  
	55			120			RR			200			-286			448				19  
	56			48			LL			400			0			399				20  
	57			66			LL			400			0			310				20  
	58			98			LL			400			0			372				20  
	59			107			LR			400			0			372				19  
	60			47			LR			400			0			432				19  
	61			90			LR			400			0			372				19  
	62			70			RL			400			0			493				20  
	63			106			RL			400			0			361				20  
	64			68			RL			400			0			401				20  
	65			103			RR			400			0			340				19  
	66			69			RR			400			0			310				19  
	67			60			RR			400			0			339				19  
	68			64			LL			400			286			325				20  
	69			118			LL			400			286			402				20  
	70			51			LL			400			286			331				20  
	71			116			LR			400			0			341				19  
	72			81			LR			400			0			279				19  
	73			102			LR			400			0			339				19  
	74			113			RL			400			0			401				20  
	75			40			RL			400			0			341				20  
	76			52			RL			400			0			369				20  
	77			73			RR			400			-286			278				19  
	78			34			RR			400			-286			310				19  
	79			87			RR			400			-286			369				19  
	80			101			LL			600			0			324				20  
	81			71			LL			600			0			597				20  
	82			114			LL			600			0			354				20  
	83			91			LR			600			0			324				19  
	84			45			LR			600			0			385				19  
	85			97			LR			600			0			413				19  
	86			84			RL			600			0			386				20  
	87			74			RL			600			0			354				20  
	88			33			RL			600			0			309				20  
	89			89			RR			600			0			384				19  
	90			63			RR			600			0			341				19  
	91			44			RR			600			0			416				19  
	92			83			LL			600			286			416				20  
	93			37			LL			600			286			263				20  
	94			85			LL			600			286			383				20  
	95			72			LR			600			0			386				19  
	96			61			LR			600			0			415				19  
	97			99			LR			600			0			323				19  
	98			93			RL			600			0			384				20  
	99			54			RL			600			0			354				20  
	100			75			RL			600			0			386				20  
	101			82			RR			600			-286			383				19  
	102			96			RR			600			-286			355				19  
	103			122			RR			600			-286			324				19  
	104			127			LL			800			0			552				20  
	105			110			LL			800			0			308				20  
	106			112			LL			800			0			336				20  
	107			124			LR			800			0			459				19  
	108			49			LR			800			0			400				19  
	109			123			LR			800			0			460				19  
	110			95			RL			800			0			340				20  
	111			109			RL			800			0			357				20  
	112			80			RL			800			0			306				20  
	113			57			RR			800			0			338				19  
	114			65			RR			800			0			359				19  
	115			126			RR			800			0			428				19  
	116			35			LL			800			286			339				20  
	117			94			LL			800			286			306				20  
	118			50			LL			800			286			368				20  
	119			121			LR			800			0			415				19  
	120			86			LR			800			0			339				19  
	121			38			LR			800			0			397				19  
	122			53			RL			800			0			388				20  
	123			59			RL			800			0			368				20  
	124			77			RL			800			0			358				20  
	125			42			RR			800			-286			246				19  
	126			36			RR			800			-286			305				19  
	127			39			RR			800			-286			367				19  
