

#! index		TrOrder		TrType			CTOA		CTD			RT		KeyPressed
	0			15			LL			200			0			534				20  
	1			22			LR			200			0			415				19  
	2			14			RL			200			0			353				20  
	3			0			RR			200			0			814				19  
	4			17			LL			200			286			437				20  
	5			13			LR			200			0			355				19  
	6			12			RL			200			0			110				19  
	7			8			RR			200			-286			415				19  
	8			11			LL			400			0			584				20  
	9			4			LR			400			0			309				19  
	10			9			RL			400			0			372				20  
	11			29			RR			400			0			355				19  
	12			24			LL			400			286			460				20  
	13			1			LR			400			0			339				19  
	14			30			RL			400			0			400				20  
	15			20			RR			400			-286			495				19  
	16			26			LL			600			0			384				20  
	17			21			LR			600			0			445				19  
	18			10			RL			600			0			351				20  
	19			3			RR			600			0			538				19  
	20			27			LL			600			286			351				20  
	21			28			LR			600			0			385				19  
	22			7			RL			600			0			444				20  
	23			19			RR			600			-286			447				19  
	24			18			LL			800			0			429				20  
	25			16			LR			800			0			460				19  
	26			31			RL			800			0			367				20  
	27			23			RR			800			0			428				19  
	28			2			LL			800			286			461				20  
	29			25			LR			800			0			307				19  
	30			6			RL			800			0			370				20  
	31			5			RR			800			-286			457				19  
	32			136			LL			200			0			475				20  
	33			67			LL			200			0			415				20  
	34			88			LL			200			0			505				20  
	35			116			LL			200			0			447				20  
	36			157			LR			200			0			430				19  
	37			80			LR			200			0			503				19  
	38			65			LR			200			0			474				19  
	39			132			LR			200			0			566				19  
	40			111			RL			200			0			466				20  
	41			92			RL			200			0			447				20  
	42			119			RL			200			0			436				20  
	43			98			RL			200			0			446				20  
	44			114			RR			200			0			445				19  
	45			44			RR			200			0			430				19  
	46			156			RR			200			0			478				19  
	47			143			RR			200			0			446				19  
	48			59			LL			200			286			353				20  
	49			86			LL			200			286			445				20  
	50			77			LL			200			286			446				20  
	51			115			LL			200			286			386				20  
	52			102			LR			200			0			477				19  
	53			91			LR			200			0			412				19  
	54			126			LR			200			0			413				19  
	55			108			LR			200			0			444				19  
	56			146			RL			200			0			444				20  
	57			83			RL			200			0			505				20  
	58			118			RL			200			0			474				20  
	59			34			RL			200			0			356				20  
	60			68			RR			200			-286			385				19  
	61			78			RR			200			-286			448				19  
	62			121			RR			200			-286			414				19  
	63			105			RR			200			-286			537				19  
	64			107			LL			400			0			401				20  
	65			57			LL			400			0			462				20  
	66			113			LL			400			0			493				20  
	67			149			LL			400			0			403				20  
	68			133			LR			400			0			492				19  
	69			79			LR			400			0			524				19  
	70			109			LR			400			0			371				19  
	71			66			LR			400			0			371				19  
	72			85			RL			400			0			585				20  
	73			144			RL			400			0			461				20  
	74			154			RL			400			0			400				20  
	75			103			RL			400			0			431				20  
	76			117			RR			400			0			392				19  
	77			134			RR			400			0			373				19  
	78			139			RR			400			0			403				19  
	79			84			RR			400			0			248				19  
	80			37			LL			400			286			342				20  
	81			74			LL			400			286			494				20  
	82			56			LL			400			286			461				20  
	83			122			LL			400			286			371				20  
	84			61			LR			400			0			372				19  
	85			46			LR			400			0			371				19  
	86			147			LR			400			0			401				19  
	87			45			LR			400			0			373				19  
	88			41			RL			400			0			402				20  
	89			42			RL			400			0			372				20  
	90			39			RL			400			0			340				20  
	91			158			RL			400			0			341				20  
	92			124			RR			400			-286			341				19  
	93			54			RR			400			-286			340				19  
	94			152			RR			400			-286			418				19  
	95			58			RR			400			-286			278				19  
	96			135			LL			600			0			504				20  
	97			96			LL			600			0			478				20  
	98			159			LL			600			0			445				20  
	99			153			LL			600			0			413				20  
	100			106			LR			600			0			337				19  
	101			32			LR			600			0			385				19  
	102			90			LR			600			0			569				19  
	103			142			LR			600			0			384				19  
	104			138			RL			600			0			385				20  
	105			89			RL			600			0			412				20  
	106			70			RL			600			0			415				20  
	107			63			RL			600			0			384				20  
	108			94			RR			600			0			496				19  
	109			53			RR			600			0			476				19  
	110			150			RR			600			0			447				19  
	111			104			RR			600			0			475				19  
	112			127			LL			600			286			322				20  
	113			112			LL			600			286			475				20  
	114			82			LL			600			286			473				20  
	115			128			LL			600			286			325				20  
	116			97			LR			600			0			383				19  
	117			141			LR			600			0			509				19  
	118			131			LR			600			0			782				19  
	119			64			LR			600			0			444				19  
	120			60			RL			600			0			415				20  
	121			130			RL			600			0			601				20  
	122			95			RL			600			0			356				20  
	123			87			RL			600			0			509				20  
	124			125			RR			600			-286			323				19  
	125			35			RR			600			-286			322				19  
	126			120			RR			600			-286			384				19  
	127			123			RR			600			-286			323				19  
	128			140			LL			800			0			399				20  
	129			40			LL			800			0			366				20  
	130			93			LL			800			0			461				20  
	131			100			LL			800			0			487				20  
	132			72			LR			800			0			520				19  
	133			47			LR			800			0			371				19  
	134			151			LR			800			0			430				19  
	135			55			LR			800			0			398				19  
	136			137			RL			800			0			369				20  
	137			49			RL			800			0			325				20  
	138			50			RL			800			0			519				20  
	139			69			RL			800			0			445				20  
	140			101			RR			800			0			460				19  
	141			99			RR			800			0			517				19  
	142			52			RR			800			0			400				19  
	143			51			RR			800			0			478				19  
	144			33			LL			800			286			305				20  
	145			62			LL			800			286			339				20  
	146			36			LL			800			286			305				20  
	147			73			LL			800			286			493				20  
	148			148			LR			800			0			338				19  
	149			155			LR			800			0			340				19  
	150			76			LR			800			0			521				19  
	151			43			LR			800			0			306				19  
	152			48			RL			800			0			334				20  
	153			110			RL			800			0			399				20  
	154			81			RL			800			0			523				20  
	155			145			RL			800			0			368				20  
	156			129			RR			800			-286			520				19  
	157			71			RR			800			-286			523				20  
	158			38			RR			800			-286			460				19  
	159			75			RR			800			-286			579				19  
